# z [pc] 550myr: 
1.204828784635022387e+01
9.945668118074737052e+00
1.136126308387068740e+01
9.575116035425688565e+00
9.786941013551295754e+00
7.657643451310685911e+00
5.932958791058437598e+00
8.232917954131362404e-01
-6.983323250912342850e+00
-1.629810931972096455e+01
-1.932834059713798780e+01
-1.694619990674216936e+01
-8.148075297412669116e+00
-6.465175288539973808e-01
5.017862371402930677e+00
8.961418344671216119e+00
1.255494490595725665e+01
1.442374390928678807e+01
8.780558434663808143e+00
-7.726114946958841101e-02
-1.574847064626329285e+01
2.066326892829556172e+00
1.333410579322386047e+00
8.393870048393184291e+00
3.327809962649329378e+00
-3.326889543999369092e+00
-3.334842804251034742e+00
-1.302081674319551396e+01
-2.026830108135034081e+01
-2.006218612551577252e+01
-2.107722461937562020e-01
-1.649964121777331094e+00
-2.338214069755698343e+00
-3.566501082814839130e+00
-1.045804686488859048e+00
5.976562350416696034e+00
3.229429799877075347e+00
6.407925250338707635e+00
1.920095364405903382e+01
-1.749364167040848628e+00
-3.803249876895671733e+00
-1.116840044574494684e+01
-9.263394594687834882e+00
1.088511353331988563e+00
7.674237880536803891e-01
2.689538963446363340e+00
4.230326267105560589e+00
3.545102436629750553e+00
3.551105018020826343e+00
1.882658924513318288e+00
2.176918480200227546e-01
6.654852736237202304e-01
9.043663228453082681e-01
1.068854283796740523e+00
-1.694970266423879268e+00
-1.916756905871299099e-01
9.628311845424074589e-01
1.643341574881076017e+00
-5.594737002722562913e+00
-3.813024338693809412e+00
-5.469660415075527915e-01
2.305181299314359999e-01
1.004467472724213195e+01
8.737301805414508848e+00
9.688343736221105118e+00
9.984421762418980606e+00
1.038287242834287127e+01
8.524549233193219777e+00
5.660245946130569195e+00
-8.041703078288892081e-01
-8.826184110688396700e+00
-1.878318934440540033e+01
-2.391056931965551513e+01
-1.707347139995400553e+01
-7.503519190389769555e+00
8.122104379117000006e-01
6.160365174308404690e+00
1.064160130262971649e+01
1.241583352185304356e+01
1.416326432029179472e+01
8.185093375551454997e+00
1.098898010847916318e+01
-2.249321144594769706e+01
-4.688285155805859361e+00
1.806616648393494007e+00
4.970406821152843491e-01
7.165500948434456063e+00
-5.005077403365870009e-02
-1.019193646827224597e+01
-1.311241150355549401e+01
-1.892389562044829177e+01
-2.309742792101334175e+01
2.522427329557248576e-01
-2.076715357062626222e+00
-1.543403952667605106e+00
-8.850475070030088265e-01
-4.201303328403453996e+00
1.892447830570709977e+00
3.045111359832799458e+00
8.019077982081860512e+00
3.527225636857176738e+01
-8.482829342230296277e+00
-3.610689084175994434e+00
-5.511687122387180615e+00
1.379623252967716596e+00
-5.847420978499278110e-01
1.820296335465071191e+00
2.991712706175825076e+00
3.682638773553186251e+00
3.090082165643273093e+00
3.851038742876272014e+00
1.568578892424906002e+00
-1.258414203133657316e-01
1.326114446189335272e+00
-2.252611679626394803e-01
1.536014029492120736e+00
-1.862324162998350907e+00
1.100930091214979534e+00
-2.309113931814845699e+00
-1.281752308927938788e+00
-6.301588681486272048e-01
-1.810222654479610727e-01
-1.848170019166076372e+00
-3.061245542089562344e-01
1.062451983872867345e+01
9.421842444313440978e+00
1.093586177528255909e+01
1.077684125972779228e+01
9.687847092488445000e+00
7.834799165533810061e+00
4.727949376118402824e+00
-2.327264232955922107e+00
-1.101208655969189110e+01
-1.783873765565761360e+01
-1.919624945977745512e+01
-1.011496660341106768e+01
-4.469791319356281711e+00
1.029424253065643002e+00
6.400239628871125852e+00
1.072740145442152837e+01
1.330779531561567453e+01
1.522800910256980167e+01
1.103515351056970140e+01
1.432860608144461345e+01
-8.286570493120963832e+00
-2.304468589339912832e+00
-3.558965495280828062e-01
4.593224480040954738e+00
1.498841600267607177e+01
-8.865428109268462364e+00
-9.894947733437291504e+00
-1.631992165600255618e+01
-2.542629480306649725e+01
-1.757766355707483186e+01
-6.197810512185532028e-01
-2.325555831770226511e+00
-1.168619390685651238e+00
-1.137702401912462635e+00
-1.175270463607840821e+00
8.770557585751816987e-01
4.250769768262184556e+00
8.516831708113821620e+00
1.671712457019245690e+01
-2.111103055740080059e+00
-1.820825834679500765e+00
-1.275679198792331448e+01
-6.714583633793477224e-01
-2.736341698685627599e-01
2.992704643877843740e+00
2.868723174627723971e+00
3.978309846500124092e+00
3.185003918517602894e+00
3.164818869331273099e+00
1.333010291077721288e+00
-4.910574824539618022e-01
-6.225854515529729571e-01
1.065847198711592725e+00
1.247656588338418748e+00
-5.794902226154385882e-01
1.735988085074642084e+00
-6.003214826833627171e-01
2.351552354975229076e+00
-1.078479403705566719e+00
2.242315249893128692e-01
-2.010237552100336611e+00
-2.916902376609741276e-01
1.122905133597305571e+01
1.012636731243495269e+01
9.383465196438420364e+00
1.041392017272820247e+01
9.720985447728041962e+00
7.204678338373772917e+00
3.748288192605031544e+00
-3.771453087664369264e+00
-1.301567005580870173e+01
-1.886618020308434041e+01
-1.816954040475539855e+01
-9.819746613998734830e+00
-2.986834835987691061e+00
2.103454346524591845e+00
7.094363995721551852e+00
1.132611771991919625e+01
1.406557410429991251e+01
1.364021376569092681e+01
1.111452095804982143e+01
1.263615183039883227e+01
1.919475762246564132e-02
-3.851309180113586805e+00
6.374939074305739695e+00
8.530788542903131599e+00
-9.728800214200607144e+00
-2.310027709759857384e+00
-1.029324513304539757e+01
-1.818161273099578068e+01
-2.385231142004910865e+01
-1.660681780943662744e+01
-3.826960532453614894e-01
-2.604451908967603480e+00
-1.897243212175542260e+00
-2.605360239566325120e+00
1.052674542873487384e-01
-7.005292250276317745e+00
2.721030676627757217e+00
1.191729153862022983e+01
1.337853784623974995e+01
-3.871250146337022802e+00
-4.498495733080851267e+00
2.252081950038090863e+00
1.159971064016947162e+00
1.092789715422412211e+00
3.381825442106525692e+00
2.857012570753986402e+00
3.797620481013069149e+00
3.384021466565598768e+00
2.948991063426846360e+00
9.996577906761516807e-01
-9.470225693483478313e-01
-2.709972463283303323e+00
1.754795883506718335e+00
-1.248628663863420973e+00
-2.826792484133516803e-02
-2.979005750478277981e-01
-7.787106499551285643e-02
-5.331806851057063756e-01
-3.025747015054990996e+00
-1.129644368216111250e+00
1.737878789178579630e+00
-2.268696335948224563e-01
9.548991138617582308e+00
1.066744097158431970e+01
9.280147774479816647e+00
1.013699460460719592e+01
8.852484211606412856e+00
6.704741078781637498e+00
2.447121360060828366e+00
-5.407115870199886487e+00
-1.474674991007516134e+01
-1.915135024344828452e+01
-1.757055269343419823e+01
-9.574322173656884871e+00
-7.591355644684224524e-01
4.221652075639296342e+00
7.467472607105079874e+00
1.205216566276654966e+01
1.458136243684429267e+01
1.363177931528573339e+01
8.797877820825693362e+00
1.239410716868831130e+01
4.353449484559134497e+00
-1.044863437676955886e+00
6.198015412423063530e+00
9.174941615998282174e+00
3.335423545687561941e-01
-7.127111291096091428e+00
-1.114354027003414949e+01
-2.156600956266172631e+01
-1.892483896739970106e+01
-1.605828271737500401e+01
-6.774784031261116279e-01
-2.046902682548462860e+00
6.773679582321898707e-01
-1.096570839470841996e+00
2.324046361801628713e+00
1.815362678450966882e+00
4.734915688442394632e+00
1.635572914902006403e+01
5.759631226592598630e+00
-4.276124045042640986e+00
-7.061984628570868949e+00
-4.575576240595071731e+00
7.973728339668262333e-01
1.200569931870035578e+00
3.943554970983053742e+00
2.120213863594992976e+00
3.898491114918689604e+00
3.859507607903906123e+00
2.452030641273053480e+00
6.099819714386078839e-01
-1.339780569618724382e+00
-2.393739914205250230e+00
1.379672071455247506e+00
-2.102092455372532864e+00
-1.601120095677375677e+00
-3.914369440460611305e+00
8.802774982929324477e-01
-2.772833573897108828e+00
-4.868197647090842572e+00
-2.678523781338212340e-01
1.243606581692664914e+00
-1.060416646133400947e-01
1.133723135825477613e+01
1.369048357603746879e+01
1.037317992465591310e+01
1.059344457735452671e+01
1.087711762339147725e+01
1.028549312953475159e+01
8.945574818242242543e+00
4.597973921536656405e+00
-3.530414036403959344e+00
-1.358239133079504413e+01
-2.211505539647409790e+01
-1.601477330228352258e+01
-1.327581677885472367e+01
-6.012563776602593002e+00
6.114630019425786739e-02
6.255854603811116021e+00
1.087085323982090124e+01
1.379748437172136377e+01
1.286082413385085843e+01
1.296527907907336363e+01
-1.843504893754388263e+01
-3.124453338691942861e+00
-2.800564495336128168e+00
6.134949034014949731e+00
6.090563752402803566e+00
6.360237812530615820e-01
5.060088798308465918e+00
-1.044381880549365427e+01
-1.802797753234685629e+01
-1.817336311943178373e+01
-7.790095695755004934e-01
-1.161864793770769566e+00
-2.647343830847065593e+00
-3.833320821931535116e-01
2.420889435530310330e+00
-8.423608819807107406e-02
-2.526240438053074300e+00
2.899921625329001884e+00
1.481129398177037082e+01
1.282504542027766448e+01
-5.808896435198209751e+00
-1.835924305808273926e+00
-2.630561175701787047e+00
9.127768904878557077e-01
1.440117501305171022e+00
2.379356368048287873e+00
4.148195744253994732e+00
3.733124543736556777e+00
5.305304024823954911e+00
2.444190421486553966e+00
8.265451634915254031e-01
1.534754503754507116e-01
-1.620612431462614245e+00
1.245108838902343251e+00
-3.731342342826144964e+00
-1.343644421229538866e+00
-3.571066925591723784e+00
-1.408261097806631668e+00
-3.231522287993719544e+00
-3.629100269090482112e+00
-9.743341195406330923e-01
-1.828033483505064061e-01
1.311318570891942592e+01
1.237147917265161823e+01
9.977123999526519071e+00
9.654111960414297755e+00
1.029020629303290946e+01
1.009066106814417552e+01
9.817215295936607689e+00
3.471421573446752173e+00
-5.208867342907788966e+00
-1.485671946559833145e+01
-1.918234016200973358e+01
-1.897022567233212342e+01
-1.292236905053567497e+01
-4.547314550142567136e+00
2.406007937799671925e+00
6.237248516849502877e+00
1.178570734397688113e+01
1.481460238328967272e+01
1.344753082543587652e+01
1.147200086103642569e+01
-1.735964350445591364e+01
3.046706767224276025e+00
8.710902004638964025e-01
1.248981099265379235e+01
-6.216787837630273206e-01
-3.435896961039551556e+00
1.294630516501827699e+00
-1.070724685919317842e+01
-1.663908106844776924e+01
-1.981137469262808182e+01
-6.463006538430168257e-01
-1.516759568394472568e+00
-2.644800538034750570e+00
5.887351096277312346e-01
1.045800949770809618e+00
5.137640747669341978e-01
1.592742667111753274e+00
5.135884618437944305e+00
1.189463945853203874e+01
4.265870269158582140e+00
-6.691810657751859459e+00
-8.961489843627568064e+00
6.497427482830246959e+00
1.107929388316568620e-01
1.099894397551514968e+00
3.783662371151545578e+00
3.797757840469272228e+00
3.346331441711016375e+00
4.536533956491516584e+00
2.146745486948317794e+00
4.481702108218648117e-01
1.937283868017993238e-01
1.180050693478573498e+00
1.152312185373125963e+00
-2.143845243327297645e+00
-8.833317904138736631e-01
-1.209141924593367223e+00
-1.495591319724972168e+00
-4.514061219080234721e+00
-2.043241021706571292e+00
-2.475739699136853655e+00
-3.916665134364931689e-01
1.234540396179253996e+01
1.111158507489146885e+01
9.967615886204374220e+00
1.136101773063848164e+01
1.060293453987000767e+01
1.020899948803629620e+01
7.862592934669167200e+00
1.592557245539409028e+00
-7.214235830539334593e+00
-1.760047470760945387e+01
-2.005885792735666584e+01
-1.516193951962944908e+01
-1.110562554535577107e+01
-4.112153512328005078e+00
3.497118369316746023e+00
8.905938143775845361e+00
1.203166792752515946e+01
1.531820512058831874e+01
1.000907778663859915e+01
8.892394388537059768e+00
-1.671514542964328243e+01
2.076086654773396489e+00
-2.362180230972518835e+00
6.352376422628089436e+00
1.314538085022146641e+00
1.461896542671028199e+00
-9.968989967513161687e+00
-1.295311349268969181e+01
-1.801102133927710724e+01
-2.209683926401197240e+01
-2.856596801618341286e-01
-1.934952688826785172e+00
-1.869260640861329481e+00
-3.593146572015870621e+00
-1.174522179906787533e+00
-4.128561562375768906e-02
2.303833884120487063e+00
7.083462012467223623e+00
2.631185237268240940e+01
-3.237827623767702168e+00
-6.041169148515984411e+00
-1.266922502063288469e+01
-6.341418361411855012e-03
-7.643849086900156298e-01
2.506623361233798253e+00
3.658679308139463515e+00
4.485544701683939373e+00
3.420094799687463105e+00
3.502688730009481333e+00
1.862885090658964460e+00
8.289756100351255985e-02
-2.359932544665129139e+00
1.620573118411814617e+00
1.570630770407751842e-01
-2.387893849278083458e+00
-2.856262402919929499e+00
1.967297081112375334e+00
-9.242040528794893961e-02
-1.673501075801702376e+00
1.096406149234607774e+00
-4.158082798849635608e+00
1.939556171693930797e-01
1.077659650464141627e+01
1.281777899354498551e+01
1.033812898692849203e+01
1.070434861620383771e+01
1.064133385888819738e+01
9.694538733701183020e+00
6.706224686394747891e+00
-3.558380768985690557e-01
-9.232011879485732209e+00
-1.884412658623286063e+01
-2.193382474313029107e+01
-1.569861179828580866e+01
-9.636583960706049723e+00
-2.910179056158408439e+00
4.710478300887571024e+00
9.513057383865961114e+00
1.270136773970597766e+01
1.474391207379891355e+01
1.051203161173781275e+01
1.108857008979456360e+01
-1.323028513487807700e+01
-6.095770385023028259e-01
2.872768011228711504e+00
7.533861827859327676e+00
8.088341458005423590e+00
5.130988532891078258e+00
-9.280596988758098576e+00
-1.299638837713247064e+01
-2.125839512838243550e+01
-2.272724594791047537e+01
-3.351639840367904855e-01
-2.283404473148499036e+00
-2.893986049971887020e+00
-3.145912045269788848e+00
2.768546427974560853e-02
8.947827459743522560e-01
2.505774099930167420e+00
8.725337768272860117e+00
1.068796913651087443e+01
6.214372227528928150e+00
-2.522662293008893997e+00
-1.008583220926676915e+01
2.065763749053401988e+00
-1.155890446738698341e+00
3.369086366921897557e+00
3.584100641097837325e+00
4.384284229406068434e+00
3.651463978409096534e+00
3.074517831761417241e+00
1.590994694000159360e+00
-3.515580069198898094e-01
-1.425305736913213828e+00
2.948267104056972343e+00
-5.231786839832762714e-01
-2.661851014986223785e+00
-2.642372958595687882e-01
2.313293295415502104e+00
6.869130275365376015e-01
-2.836578465680580585e+00
-2.175768637941492667e+00
-3.995012741898912534e+00
-3.403057143728934753e-01
1.389556757365891571e+01
1.095227674102895676e+01
9.680697216715948628e+00
1.092001564731365448e+01
1.043570210405913024e+01
9.461350922379418549e+00
5.594308378583920494e+00
-2.509834886030209322e+00
-4.672734847304960581e+00
-1.867370661958164035e+01
-1.639307164449831333e+01
-1.339183185954835942e+01
-7.877288423700979259e+00
-1.486411679542382736e+00
5.711005639754858976e+00
1.036588105563470030e+01
1.275687739420589750e+01
1.370165210927413391e+01
1.238868453810225212e+01
8.964608480608220020e+00
-1.173619545549403576e+01
-3.851192583511443779e+00
9.052546667484183018e+00
7.599644415117491114e+00
7.775218735183949903e+00
3.301595743687059770e+00
-1.018414653919846735e+01
-1.493932285484026323e+01
-2.352647412962550533e+01
-1.922748744099697760e+01
-5.315707820607944445e-01
-2.487984092790281654e+00
-2.029838694681781464e-01
4.944025926550994487e-01
-5.449020818531306182e-02
4.517666438231070503e-01
-5.736775239267650761e-01
4.453955261339786809e+00
1.887624457978369819e+01
-4.859805218892909728e+00
-2.331590482871382708e+00
-1.001072734979245382e+01
-1.034662522472254542e+00
-4.909823967331536920e-01
4.007442351291730986e+00
3.086008904424849320e+00
4.197566888162984178e+00
4.042662767331060891e+00
2.818645505247434624e+00
1.220260254624195406e+00
-7.678451369702739004e-01
-2.035558604915555403e+00
2.434504840399078773e+00
-1.160713450331367413e+00
-2.228482603667266915e+00
-2.726855942792755449e+00
7.276086291479735291e-01
-1.866771627104161002e+00
-3.268259879817478897e+00
2.066192353807041193e-01
1.448407307061607474e+00
-3.501838595708683388e-01
1.025388764188275559e+01
9.660772486771369572e+00
1.611335969041049410e+01
1.267018136977996257e+01
1.173799798128116478e+01
1.182161437045289354e+01
1.158880141993511614e+01
7.752690437486443820e+00
-2.388596102964583856e-02
-9.634854415155311713e+00
-1.978307590898062074e+01
-1.558103408992841565e+01
-1.706898650623402958e+01
-1.215201771222693772e+01
-5.483379728195906466e+00
3.221582274317332573e+00
8.852948060025925159e+00
1.331717044562246244e+01
1.399181976921246395e+01
1.171545197241590941e+01
-2.001963129202656333e+01
-1.518146967727135710e+01
-2.824714626187150301e+00
3.809869475530992311e+00
4.073769205609902855e+00
9.180149052649161590e+00
5.237301128142659579e+00
-8.888674378363147000e+00
-1.462017171636970048e+01
-1.830175397221109890e+01
-3.161974910773291403e-01
-5.749959553425962877e-01
-2.509179391060546660e+00
-2.450358020180217089e+00
5.679714664670596491e-01
-4.632551840742266114e-01
-1.242121818309105175e+00
2.528904128038750532e+00
1.014830224529893066e+01
2.057389059149232224e+01
-2.069350016991517993e+00
-2.105159462240655976e+00
-1.409326561469993955e+01
5.382279641485614441e-01
5.048768366163106647e-01
4.248703824144484109e+00
3.675493608975195059e+00
3.613200835159680047e+00
5.177339562448644017e+00
2.923672514684386492e+00
1.411393525504198054e+00
6.250081463086862854e-01
1.310398914528003500e+00
1.550977317413834600e+00
-1.633452067420291920e+00
-5.806598282185414739e+00
7.783903532720470864e-01
-2.269448050022417895e+00
5.966417544142627039e-01
-4.539455901472250865e+00
-4.880477530001990694e+00
-4.028689453346491756e-01
1.075379731063123323e+01
1.237136550496737719e+01
1.122734502492558661e+01
1.042289767033700443e+01
1.074066303474686457e+01
1.210267380361096556e+01
1.101720900998810748e+01
6.300870545096818098e+00
-2.839962118486882847e+00
2.326241755927333177e+00
-2.144091196241412334e+01
-1.462447383321944372e+01
-1.548335202988507753e+01
-1.158504143699309274e+01
-3.353976238613517680e+00
3.721220013913824509e+00
9.758598235810156396e+00
1.408454589111504696e+01
1.350766247825346156e+01
1.345106698858855765e+01
-1.930578961933814242e+01
-9.351356822233409360e+00
-5.047169175843220223e-01
1.292660074536991388e+01
-2.413287039099680509e-01
6.151332847463821807e+00
-2.987263945984752755e+00
-1.067600708428968836e+01
-1.466040291451110811e+01
-1.781412493078583381e+01
-4.983966400446252498e-01
-9.901334972727251493e-01
-2.654337766657669295e+00
-1.497862313415152302e+00
1.774559644728892271e+00
-4.262318798630106986e-01
-1.552733189518968882e+00
2.700555609370035359e+00
4.548360829487246293e-01
1.788227492626329251e+01
-6.063027495919047993e+00
-3.833481740816558681e+00
-4.549197211351935444e+00
-1.453503515901282683e-01
1.303718117459528480e+00
4.097570463003369134e+00
4.468450916136187168e+00
4.171882004877025096e+00
4.017572886440491153e+00
2.656764529252877427e+00
1.032226242905085689e+00
-1.356531154992625332e+00
-2.379668605480168786e+00
1.159980557581035354e+00
-1.643135644975772358e+00
6.535046301206810515e-01
-1.301410964428467931e+00
-2.659377707224810372e+00
-6.489125569342794053e-01
-3.031826105527978488e+00
-1.802000668991993182e+00
-3.627386952479277893e-01
1.011676800830062284e+01
1.036867193538683374e+01
1.406962931813307449e+01
1.068751217901879258e+01
1.172260579024063887e+01
1.219191736728823194e+01
1.054410374581187781e+01
5.246024163691453523e+00
-3.639744671459939962e+00
-1.467337310717405252e+01
-1.627978593925127981e+01
-1.512517729222012974e+01
-1.561422808141755425e+01
-7.765161704190202130e+00
-3.019075323321894100e+00
4.947759634535209727e+00
1.099753232552784787e+01
1.471036883810031348e+01
1.324685410437185595e+01
1.359043276469760819e+01
-1.912296687734847467e+01
-1.843958823311949047e+00
3.279743066544978713e+00
9.923517038771729304e+00
-2.658649052936936652e+00
-1.382425367151609352e+00
-7.365464191828347218e+00
-1.093846634252634331e+01
-1.834061833416099674e+01
-1.917561579783051329e+01
-3.385250375794375266e-01
-1.401251829354514866e+00
-2.801451876470840485e+00
-4.083665767015837389e+00
-3.337561040477701191e+00
3.129493584245461313e-01
6.034038957416800741e-01
3.809963525223829972e+00
1.938738660304593608e+01
1.066162030196400856e+01
-6.532762673477179760e+00
-6.745516547330021595e+00
-5.901738858673037935e-01
-2.665055271451502339e+00
1.912216531732454428e+00
4.195989984440640086e+00
4.748779925251274570e+00
3.819290121792696890e+00
3.804811526280383216e+00
2.388760060586670342e+00
6.648634852312146348e-01
1.424665013567601446e-01
2.368234559042169174e+00
6.360109304894788762e-01
-2.350708171198672591e+00
-3.805802231977308381e+00
-3.797945186710938170e-01
-2.459662468318138284e+00
1.389251237729061672e-01
-4.487241916183072554e+00
4.085255019857708447e+00
-3.527752501127178197e-01
1.124903409569165369e+01
9.125900634705834236e+00
9.431629155289799726e+00
1.051910616603828075e+01
1.168218767439753769e+01
1.155004808138139261e+01
9.097366504563938250e+00
2.879784862746239682e+00
-6.005179312916808954e+00
-1.266396393737087145e+01
-1.924668577283680193e+01
-1.962961374354757638e+01
-1.517282898676086411e+01
-8.130782241552507728e+00
1.142816514137664718e+00
4.228715721427482421e+00
1.188189549177552351e+01
1.597112201376755891e+01
1.080063677797547506e+01
1.391742895216823328e+01
-1.821192003820781835e+01
6.583837447303130475e+00
1.336309248924085757e+00
1.016174258670418773e+01
-5.527207054377710094e+00
3.556820939976933271e+00
-9.768285205635091728e+00
-9.839486777099804016e+00
-1.530744427383893047e+01
-1.222900083837373053e+01
-2.297043455355874952e-01
-1.816786557973032235e+00
-2.272298807769592699e+00
-3.434632864807671382e+00
3.426770788345729901e-01
2.834159052967430426e-01
1.517119109979100156e+00
5.969409306681028760e+00
8.370497517654817088e+00
1.097775461109046669e+00
-5.106228532418316313e+00
-1.121381047263522923e+01
1.996309662983502431e+00
-1.894462704131808284e+00
3.294840383357832803e+00
4.236415645679976194e+00
4.726370380739854937e+00
3.885882577202164345e+00
3.433621317189151867e+00
2.104915307767702970e+00
2.566017859820674540e-01
-1.055003003474077605e+00
3.286792052743932935e+00
-1.524502709749830265e+00
-2.903920063987965872e+00
-2.274765293550697454e+00
2.533767121180008797e+00
7.806130910651051247e-01
-2.723961977415685798e+00
-1.921466157443403544e+00
1.974753439613115003e-01
-2.221838074825418508e-01
1.112902165703860291e+01
9.647626852940545561e+00
1.089924179604416921e+01
1.179455825543059966e+01
1.262761203261326770e+01
1.227349313396274155e+01
9.141828778602489436e+00
1.971781075795595362e+00
-7.756647010850159063e+00
-1.766566782130393420e+01
-1.958532399275503977e+01
-2.037382103430859104e+01
-1.303234569099121920e+01
-6.901252163715851928e+00
2.476521269256920732e+00
7.807411351835191304e+00
1.215547454626255330e+01
1.571189941976618343e+01
1.065950049730992077e+01
1.877329347275450289e+01
-1.679788544161436548e+01
-2.150383190630940522e+00
-2.334210837494811452e-01
8.814089708425394409e-01
-4.109325223243187608e+00
-1.018077696378870689e+00
-1.032516282242135652e+01
-1.317275115693729504e+01
-1.635699530448144756e+01
-2.078862610255339405e+01
3.241448447525465126e-01
-2.207000316421146024e+00
2.929515715749180793e-01
-3.226687612688960982e+00
1.125672581198089439e-01
1.575724571516010086e-02
2.356975120964477810e+00
8.303182443799219214e+00
3.930977406561130749e+01
-9.772141152976745460e+00
-6.941009901525610815e+00
-1.232872097517897458e+01
-1.087978950502496156e+00
-1.500061348462649047e+00
3.793295601265892714e+00
3.871191458382831296e+00
4.546029411442450652e+00
4.201776354707662087e+00
3.152675441616786589e+00
1.755639918053272464e+00
-1.814085797469772721e-01
-9.720575298273272102e-02
2.502960435980511988e+00
-8.854506135960027446e-01
-3.690968999069728085e+00
-2.772183899156553721e+00
4.519214725525182996e-01
2.120182630020472914e+00
-2.395980698042649237e+00
-5.756254745803837558e+00
-1.135060764657996657e+00
-3.405366278720491358e-01
