# x [pc] 550myr: 
1.500000000000000000e+01
2.701238587608143504e+01
1.272654163596149424e+01
6.652308642480280199e+00
-1.174760064156598993e+01
-2.356567554262178277e+01
-3.244377586213123266e+01
-3.222467065754108972e+01
-3.830584516207746049e+01
-3.579691152134409293e+01
-1.223973596989800683e+01
2.385635303110679928e+01
3.330593772406250253e+01
3.184922865682460724e+01
3.503407907091254003e+01
3.343065675728610842e+01
3.567456706245924636e+01
3.471000727273826669e+01
3.679383432719446034e+01
3.823181337897892007e+01
3.569844133786909168e+01
2.852652791012390665e+01
2.856955264637168668e+01
2.847795067321802165e+01
2.472744458876032780e+01
1.132130870495067043e+01
-1.226985342441262450e+00
1.943493554365661513e+00
-7.841676711222609342e+00
6.408859914649259082e+00
8.278095091512321702e+00
1.167762894018296294e+01
-3.243179526694067505e+01
-3.448368520161203321e+01
-3.391781374706079077e+01
-3.667110455504610655e+01
-3.600637275060230280e+01
-3.762590557725712159e+01
-3.453336125451818361e+01
-3.578122871996230714e+01
-3.531605924309101852e+01
-3.151146559313438189e+01
-2.049083986244335165e+01
-1.016876252758396149e+01
2.672887182021344010e+00
1.424384839176433459e+01
2.626317963018568236e+01
3.565685409997072952e+01
3.691085096825948142e+01
2.477972322511378422e+01
9.917549774838295917e+00
9.550227895481734564e+00
9.642426522559937041e-01
7.462710246004196968e+00
-1.848434284708351916e+00
-7.442416921710336197e+00
-2.512928723523468477e+01
3.530734167210717978e+00
-1.133966925643914614e+01
-2.107136543206932089e+01
-1.678261674501717238e+01
-5.261348564961950913e+00
-3.161559994059006673e+00
-1.782957071829275719e+01
-2.082867411456611961e+01
-1.098180305005870672e+01
2.174391711585904474e+01
2.653482868667704153e+01
2.534897600589959055e+01
2.070867948592926666e+01
1.925384889859834914e+01
1.887440952114085491e+01
1.843832975719141132e+01
1.610505863431986029e+01
1.391563291195354424e+01
6.334430698038870489e+00
4.141164969723210021e+00
-5.579907166832966503e+00
-1.269482417898249160e+01
-1.997125384079389931e+01
-1.526814673334714101e+01
-1.395875596019706855e+01
-1.543606964288341388e+01
-3.995753829163057702e+01
-4.311781914280187422e+00
-2.517295723845133004e+00
-2.626464459832006604e+00
-7.842120420934337588e+00
-9.548916815817303672e+00
-1.862602512673695543e+01
-2.887267547854958849e+01
-3.766881414883794577e+01
-4.303592280866251940e+01
-1.937106625708509355e+01
2.291598488624534369e+01
1.122082836908404069e+01
1.901879836995985729e+00
-1.234110950247580796e+01
-2.530390198312742811e+01
-3.237809593393249941e+01
-2.284830876227234953e+01
-4.238448276074798571e+01
-3.309225598639638122e+01
5.211146805476465360e+00
3.203724690679519682e+01
3.290814681428528843e+01
3.107019894759955392e+01
3.590543384096792323e+01
3.356644004860745412e+01
3.506630051426313344e+01
3.462333375876955444e+01
3.739717385687673357e+01
3.813610147680616080e+01
3.464649519473458383e+01
2.751059710785559531e+01
2.756586466506777455e+01
2.707549900627967432e+01
2.606694985322159397e+01
7.603353204888533945e+00
-6.044303136699404888e-01
-2.577750621197991254e+00
-8.036692156928948449e+00
1.599369750147848990e+01
9.870896882234978520e+00
1.137064738244376016e+01
-3.610987819582670966e+01
-3.522596232703121899e+01
-3.372887223507784427e+01
-3.547812372489010357e+01
-3.539065667197375120e+01
-3.754975289396426064e+01
-3.500955372390025389e+01
-3.569861455822926644e+01
-3.539471771446915938e+01
-3.028898681594346698e+01
-1.738188826256596897e+01
-9.851438892578594064e+00
3.365272474002197534e+00
1.778474411132097543e+01
2.996667231110873786e+01
3.605711939445854597e+01
2.515784436609061459e+01
2.407557525438694768e+01
5.957262355422791700e+00
-7.357004735711320187e+00
1.875663925120407249e+00
2.353488630778696855e+00
2.637832655448931085e+00
1.115977123890758982e+00
-1.972185490366229033e+01
1.431377438040350336e+00
-1.507674348097219585e+01
-1.873209846355701913e+01
-1.719207501587255393e+01
4.745898043229559299e-02
-3.113834720405565193e+00
-1.715968102729907230e+01
-1.880013505928532425e+01
-9.901575237652750161e+00
1.833458618170036303e+01
2.853807267930999103e+01
2.486077261196492216e+01
2.009372595877233181e+01
1.674469964723775206e+01
1.373957427860914216e+01
1.808664877935748194e+01
1.575869513531580068e+01
1.353911723315795079e+01
4.221923763834656285e+00
1.423494720609298714e+00
-5.225108879685849139e+00
-1.741965366250759928e+01
-1.875632928790247433e+01
-1.492906260022893328e+01
-1.407105031997556921e+01
-1.746815980990345096e+01
-4.379454568655837932e+00
-4.752167008860043174e-01
-1.813812166493451450e+00
-7.985759548379552264e+00
-4.897655698581409034e+00
-8.229332379576327128e+00
-1.635861329151787658e+01
-3.203350813085879167e+01
-3.297187288083163992e+01
-4.651393146447654914e+01
-2.104321122972193692e+01
2.139820714063894158e+01
1.048322325031871038e+01
-5.271149044302441133e+00
-1.574913773832305175e+01
-2.982675986983797500e+01
-4.094100671506689793e+01
-3.986761347508905828e+01
-4.314226499141684457e+01
-2.560806138190739389e+01
1.319153133195383454e+01
3.113865151117889596e+01
2.758338465005746443e+01
3.164915024656119868e+01
3.350579466301152820e+01
3.611382683213645350e+01
3.497764976359568578e+01
3.483839988774305851e+01
3.806734629336738607e+01
3.793009439836971097e+01
3.327051657053620914e+01
1.925764673561577212e+01
2.513366177101825372e+01
2.818317928185518539e+01
2.295089816342492384e+01
5.220608043936318055e+00
3.249513611514656120e+00
-6.856369469959147978e+00
-1.308516604706030595e+00
1.725761653088840220e+01
1.212956435927149812e+01
1.262610840353195130e+01
-3.682378888379969339e+01
-3.437255612069529320e+01
-3.472242514912127831e+01
-3.456738988224062581e+01
-3.829397403638073882e+01
-3.811930899370040038e+01
-3.456059755757159024e+01
-3.636624743606274990e+01
-3.491245042831329926e+01
-2.854990807662732877e+01
-1.482172160061851685e+01
-7.751003253740788246e+00
6.463156600178295186e+00
1.951520924168663385e+01
3.363794653778892041e+01
2.659155250397632386e+01
2.991798487537118589e+01
3.737534934197663006e+01
2.855667716540776002e+00
-2.260966859381951366e+01
2.196539862497428608e+00
-1.079039987460709282e+00
-1.124279849271786036e+00
2.072477127277965625e+00
-5.745819412984809471e-01
-3.448867703356868764e-01
-1.552233629166645024e+01
-1.776813785050785199e+01
-1.661400073004884703e+01
1.027850409747801397e+00
-3.083050025808211636e+00
-2.080787964110924904e+01
-1.897918985754086307e+01
7.084824274542776301e+00
2.335404467814223750e+01
2.542186994293264135e+01
2.315248200139934198e+01
2.020225405680195507e+01
1.657689199416516601e+01
6.010272911293086828e+00
1.768245979380433752e+01
1.570980362154072019e+01
1.288436431718584352e+01
2.793032122854893107e+00
-9.725682747211921164e-01
-3.913009921460507634e+00
-1.230280725513103413e+01
-1.703409504586449685e+01
-1.463768762401144130e+01
-1.462000026431982569e+01
-1.736050003056898561e+01
-2.112290567615699644e+01
7.562535661221014394e+00
-1.065375527433233271e+00
-7.498492764351539996e+00
-2.529773210216047730e+00
-6.763135788709035978e+00
-1.825710903833947185e+01
-3.521858136588760146e+01
-3.714530602988370589e+01
-4.841370386449515451e+01
-2.322755178347467009e+01
1.795466621517048011e+01
1.054527417254664101e+01
-6.045695228344594163e+00
-1.475973626982723630e+01
-3.046357672678432849e+01
-3.790216644496796050e+01
-2.024344074019671424e+01
-2.085377941690655845e+01
-2.344460878690336259e+01
4.547589057668758095e+00
3.113525007564984293e+01
3.101846481398282762e+01
3.285419629211265402e+01
3.405918106712678650e+01
3.603731968953785270e+01
3.442157631866203360e+01
3.531709986903537413e+01
3.830203666055351874e+01
3.737005372442624918e+01
3.157825901031643312e+01
3.230119963773685754e+01
2.270699724879941783e+01
2.818648660286247676e+01
1.997568201599721505e+01
2.540426252436629895e+00
4.231954087967332079e+00
-5.985301568099887781e+00
-1.027930580992394027e+01
8.446575953903934675e+00
2.828310800223465904e+01
1.250442771795253094e+01
-3.647950931132994867e+01
-3.532890640973435126e+01
-3.629660922099870390e+01
-3.444702281999975924e+01
-3.819306952381219133e+01
-3.734626912377299846e+01
-3.556348487960444515e+01
-3.625092936460232096e+01
-3.351069045621714793e+01
-2.615064934828820498e+01
-1.164915539877186923e+01
-3.024186315777016798e+00
8.512638595988711643e+00
2.224950077820568595e+01
3.075781900709962713e+01
3.824611595517860962e+01
2.399781402956687160e+01
2.147232579708862588e+01
4.071205258356262568e+00
-3.419345550776196063e+01
4.160754929350192199e+00
-3.975561087064757304e-01
-6.332850726062821067e+00
-1.335579536078235208e+01
2.338635231454376395e+01
-5.515408625671143206e+00
-4.904082577548471100e+00
-1.879050718228909034e+01
-1.445810339696176428e+01
1.402042193810990600e+00
-4.030225376788838965e+00
-1.831868937443569223e+01
-1.955645609238936444e+01
-2.655209225867749545e+00
2.634568614087588756e+01
2.787100885972493103e+01
2.151399178629830544e+01
1.669028359492985203e+01
2.172979012927038056e+01
3.075764355499750735e+01
1.760384927251257992e+01
1.572962451334483625e+01
1.143244371816285465e+01
2.724514959168368389e+00
-3.054134790363504770e+00
-4.128536576050575668e+00
-1.291564391817268032e+01
-1.577196386101588210e+01
-1.552010434484697932e+01
-1.374578049944168612e+01
-1.596843276672222878e+01
-9.754351916580336734e+00
-2.869763879381650451e+00
-3.603957174484647141e-01
-6.184020026367027967e+00
-2.682827705956420505e+00
-8.885717133933429324e+00
-2.835014011297092296e+01
-3.053803082281151049e+01
-3.019152348577267020e+01
-4.533186104019002727e+01
-2.654220564330044496e+01
1.408663299993571094e+01
2.738112661179817664e+00
-9.424968115514348099e+00
-2.000953989272336031e+01
-3.511787253251408458e+01
-3.163169240984084496e+01
-3.912513583149063123e+01
-3.706914743707168469e+01
-1.867544324472702755e+01
8.831668364100945467e+00
3.253529634649716940e+01
3.135408403976851588e+01
3.374234603045463388e+01
3.324455041558389468e+01
3.595295258201798561e+01
3.459578758920519448e+01
3.593536331172143861e+01
3.827018344855288490e+01
3.660245582590413704e+01
2.944007580475129515e+01
3.052057338140236453e+01
2.584591415288780070e+01
2.683804990863591300e+01
1.483904426238927243e+01
6.693357988709733863e-01
5.314877666541965695e+00
-4.561324866471952788e+00
7.428823905865192145e+00
1.811608305649025397e+01
2.150423467043237835e+01
1.145164169027793122e+01
-3.646216395680358602e+01
-3.504573319852733704e+01
-3.572277705856688357e+01
-3.801056554287020361e+01
-3.771401303281566442e+01
-3.559038028232880890e+01
-3.533475692357309583e+01
-3.617818937267492174e+01
-3.272305789322195579e+01
-2.420592404666967212e+01
-1.081119038793393727e+01
1.101371214617672623e+00
1.163674277646576094e+01
2.434888773017389241e+01
2.944875119734679458e+01
2.657837972786923331e+01
2.814502583653537116e+01
1.519649052851811533e+01
2.092310581567377881e+01
-2.998386265541626372e+01
6.087323110800380910e+00
-7.528848611441673278e+00
-1.091040622740804089e+01
-2.407755332318070884e+01
5.881135384363011198e+00
-1.340651851041196529e+01
-1.865446022710783325e+01
-1.460798035815558826e+01
-1.021738432278634434e+01
8.603632332079090839e-01
-1.812880633926310381e+00
-1.753919410594351902e+01
-9.723634422865755411e+00
9.419657360130221591e+00
2.528743946752499383e+01
2.736344304759730051e+01
2.183600752529243039e+01
1.886979710424786205e+01
1.734596964248401818e+01
2.215371736352594922e+01
1.633299891609392063e+01
1.455710432527784270e+01
7.903853336723904555e+00
4.819348338334625836e+00
-4.779401704004233586e+00
-6.718914910002060203e+00
-1.656095720522842996e+01
-1.569022786557438565e+01
-1.377778268946945417e+01
-1.425838439692575221e+01
-1.673836125313873069e+01
-9.680548258982520693e+00
-6.400738642005769030e+00
-1.811335776036018919e+00
-6.801632399871958334e+00
-5.848638525591299597e+00
-1.783069762822816173e+01
-2.938255988244450734e+01
-3.694141822011708598e+01
-3.853319037301869088e+01
-4.230299288883599473e+01
-2.098161821047438025e+01
3.141835838675784842e+01
1.972552042881554613e+01
4.310678258554768938e+00
-2.451417520360435365e+00
-1.232125093010975547e+01
-2.527829728490072370e+01
-2.752455818099834417e+01
-1.163181978548030876e-01
-2.523848651749183958e+01
-2.242205310713999467e+01
1.105502709904763403e+00
2.783380110679219399e+01
2.943808176925773168e+01
3.094816674982660132e+01
3.212976278695429500e+01
3.399720544027151448e+01
3.360865958894660821e+01
3.626397023141304743e+01
3.878487168185985468e+01
3.789245023021751280e+01
2.781492100751209762e+01
3.144172177851638494e+01
2.510744824269280429e+01
2.957007277981726290e+01
2.048330173811756794e+01
1.117815532493944808e+01
1.374662413015082763e+01
-5.049915045411829340e+00
-7.134714592359276963e+00
3.099046128116801579e+00
1.228914871417458876e+01
-3.179765618795770621e+01
-3.490235547275019456e+01
-3.443658544661955290e+01
-3.218885193031123748e+01
-3.375414638571727011e+01
-3.592709996799638361e+01
-3.489098510944701559e+01
-3.597516543942371214e+01
-3.713559510138538400e+01
-3.427070806269009751e+01
-2.577724494908952835e+01
-1.458290512021434182e+01
2.573135599568270315e-01
7.738886627391579509e+00
2.062486101800760707e+01
3.197259754425235201e+01
3.615728678736236645e+01
2.558010615770320584e+01
2.192785664189820949e+01
6.206374188914875134e+00
-8.473045275472326665e+00
-8.476608423387091973e-01
-2.955131866420618092e+00
6.221963191780091051e-01
-1.511668105769755321e+01
2.593186670681037853e+01
-1.575011281276022501e+01
-2.095843739479228773e+01
-1.783482447123085635e+01
-1.235972359365059248e+01
-4.459054815284106965e+00
-1.278711978936089011e+01
-1.616522764782708421e+01
-1.642878984508772433e+01
1.905046397300006467e-01
2.544543796386003720e+01
2.687635113493275796e+01
2.023357747540079643e+01
1.445513255703031597e+01
2.416112996580502070e+01
1.168570004446343091e+01
1.987393322985190736e+01
1.758710695581070738e+01
1.018649099352701626e+01
9.321896696243566538e+00
-4.322074481899121245e+00
-4.088483297050930609e+00
-1.074471945509588267e+01
-1.383499222333846213e+01
-1.210557458198476866e+01
-1.146767147245213714e+01
-4.591721115182128443e+01
-8.648273251599935207e+00
1.183870675423773999e+00
3.820385793063130753e-01
-1.265089846876635393e+00
-5.869297581264095065e+00
-1.393908406199122041e+01
-2.052951171854073209e+01
-1.942102336456053990e+01
-3.548802732995459763e+01
-2.767679251917035188e+01
2.900285540648894056e+01
1.807397439895549951e+01
1.195656342130054561e+00
-7.011650352810947950e+00
-1.866420602675754381e+01
-3.222957245992139264e+01
-3.034949413024319398e+01
-3.911382668295139098e+01
-3.928897204421991773e+01
-1.769959698814980698e+01
2.074449998817413032e+01
3.140201311538107376e+01
2.978587096051099081e+01
3.215369068320217139e+01
3.207842352673085884e+01
3.393204079103350779e+01
3.362104804434642347e+01
3.687291185179239505e+01
3.850904381712067703e+01
3.693860000542502320e+01
2.573343594557222147e+01
3.387894651642629640e+01
2.847166776855142345e+01
2.820678692571237178e+01
1.312494287933347614e+01
6.681243451650177079e+00
1.358326512994692514e+01
-3.146651836614076991e+00
6.066757654214390172e+00
1.104893277107963812e+01
9.798542927515734746e+00
-2.187415853701212498e+01
-3.231675320758725434e+01
-3.324621013274484227e+01
-3.441439897471313714e+01
-3.590435003821561821e+01
-3.609488606968618996e+01
-3.530576502027250996e+01
-3.650593542004092029e+01
-3.693875025617179375e+01
-3.325639680943014298e+01
-2.350721194210294129e+01
-1.513735742143215468e+01
2.672096007675953011e+00
1.031186725416070615e+01
2.407321037279479015e+01
3.179376472425910194e+01
1.812165578667815780e+01
3.050579853655404250e+01
1.729173818499725002e+01
2.340259694515093614e+01
-8.001494082864940793e+00
5.959444086226716841e+00
-6.266779978927822903e+00
-3.612271316972547108e+00
-3.253338790616724907e+01
1.633669403117459495e+01
-1.683353330800736103e+01
-1.513799816980861657e+01
-1.959885815615087878e+01
-6.753402494423854208e+00
-1.359472868520979594e+00
-1.497036803289439710e+01
-1.523654100969786640e+01
-5.488130651766919499e+00
1.261393913879175344e+01
2.399676182031703675e+01
2.473050170496794564e+01
2.057322447108422026e+01
1.982226890274410636e+01
1.744729644929591927e+01
2.429671061112632557e+01
1.851605085727378963e+01
1.664155124408327424e+01
8.124460704968765157e+00
7.949063617505823132e+00
-4.725295732579167129e+00
-7.106852280317800918e+00
-1.559186282325209838e+01
-1.329294894639578217e+01
-1.175761946259468438e+01
-1.176995160017100517e+01
-3.042670174775604863e+01
-2.935857502543456121e+00
-4.767423085096119451e+00
-1.299934543355215633e-01
-2.364939035575923665e+00
-8.146016338647509514e+00
-1.870176292146183883e+01
-3.085511868911912359e+01
-3.633771011728248368e+01
-4.483652320548679882e+01
-2.384295808096994662e+01
2.618638055161880374e+01
1.837255930691221550e+01
2.086603407484540096e+00
-9.897188746639884016e+00
-2.157125406665837275e+01
-3.446547164157347964e+01
-3.315143091562971733e+01
-3.862554657575332584e+01
-3.821406670591655086e+01
-8.182342922017118880e+00
2.933684348413367715e+01
3.058618081126455479e+01
2.974222186449134853e+01
3.351855744060837594e+01
3.333329521680853702e+01
3.240492907672092571e+01
3.413370351462501162e+01
3.775285353141648415e+01
3.869842366633202602e+01
3.608690122570028080e+01
2.630592163597632904e+01
2.734446529638430690e+01
2.993015069984090815e+01
2.659017184661852085e+01
9.361441654818108304e+00
7.386239908832481049e+00
6.029433252284612799e+00
-8.641341531128114539e+00
6.625717184210734523e+00
3.780981886781786372e+00
1.124996156220651677e+01
-2.540859404531884636e+01
-3.150677450714424310e+01
-3.197913511921568031e+01
-3.588300386821304500e+01
-3.418109813725975954e+01
-3.581757541878350537e+01
-3.423121117624003773e+01
-3.718722002839434992e+01
-3.666332562806533701e+01
-3.173766737250407743e+01
-1.868397781510902433e+01
-9.493167658817117882e+00
4.022709686009466878e+00
1.271153359825448170e+01
2.476710748759517244e+01
3.894250456058182408e+01
4.106226361014984860e+01
2.805898221502715373e+01
1.091076655101345061e+01
5.484742464464545719e+00
-7.644020405746720037e+00
6.899888478997771912e+00
-7.995685444692881561e+00
2.678770340950861861e+00
-2.891429147939226141e+01
1.391877820586288550e+01
-4.863282588850560195e+00
-2.138637035975211731e+01
-2.002001126128245190e+01
-7.272460424961860070e+00
-4.012100400965697311e+00
-1.684185196085457292e+01
-2.002047679108365230e+01
-7.298693764759149438e+00
2.119287883995416522e+01
2.500339180225816094e+01
2.320407016663003219e+01
2.055339277095466599e+01
2.107933095628876785e+01
2.032153906785682906e+01
2.086176849261887867e+01
1.811350236544546277e+01
1.581270611468561427e+01
4.571535198906237163e+00
6.581583840109280104e+00
-4.722713025993509284e+00
-2.225310118842825702e+01
-1.700961649118286445e+01
-1.304437355093142514e+01
-1.238777312404535280e+01
-1.064189060690979716e+01
-2.615394662419985750e+01
1.056942478270794794e-01
-2.958937064088192237e+00
-1.144232095955813433e+00
-5.165718927781435710e+00
-9.008428474814001774e+00
-2.050520019357293933e+01
-3.158056036239862507e+01
-3.576942355746010094e+01
-4.029128444178225976e+01
-1.911516282972439029e+01
2.569326270144834368e+01
1.327563453343833366e+01
-1.095498017336420826e+00
-1.028270815829277574e+01
-2.536100475014712430e+01
-3.872814554317132263e+01
-2.369472273493125414e+01
-4.252433414905049602e+01
-3.260035835763066103e+01
6.027774550445423429e+00
1.906081052509218310e+01
3.094387622694578255e+01
3.072567738440278617e+01
3.262490700724887915e+01
3.378753384693852269e+01
3.333483133336576287e+01
3.466059627296319690e+01
3.823868506936014455e+01
3.864124861508098974e+01
3.487969869308179227e+01
2.360515935785423380e+01
2.743524408095549205e+01
2.896197406424235865e+01
2.520563659117774691e+01
7.802580924766034265e+00
7.183149355039208039e+00
-4.199950406969859884e+00
-8.187826951360451133e+00
1.404544883308880365e+01
2.878582170086631464e+01
1.097573608913553045e+01
-3.239090138780302652e+01
-3.300320301707170501e+01
-3.248816343244311611e+01
-3.370585215328416950e+01
-3.664496366472727829e+01
-3.620951541431437448e+01
-3.457802686325435815e+01
-3.720637637736632541e+01
-3.576956323914559732e+01
-3.045726017238170513e+01
-1.681529890040356179e+01
-3.728398871883022991e+00
4.756705777824767445e+00
1.792650065554573402e+01
3.078873370380217978e+01
4.069112598203450659e+01
2.898005119238069938e+01
2.692512152632570022e+01
2.418427245225361899e-01
-9.271401778702873742e+00
-3.203098175826498473e+00
5.134009429328670215e+00
2.401724177859884346e+00
-3.167641096011724944e+00
-2.427792971370990216e+01
-4.371573093482569838e+00
-4.963938635973894620e-01
-1.773513417495524536e+01
-2.136977429685639507e+01
-8.454130634450127246e+00
-3.227045833156808818e+00
-1.689073826723394234e+01
-1.799678153177325868e+01
2.811582914774556075e-02
2.221690224945173497e+01
2.510509072866226177e+01
2.262072293882971152e+01
1.970895656360271531e+01
1.861562986023017530e+01
1.349823695012929470e+01
2.065057060042502002e+01
1.795066716931483697e+01
1.497037213518735221e+01
2.950903342173846866e+00
3.674560371234321998e+00
-3.863364261491974982e+00
-1.068986707158431848e+01
-1.589509474920370025e+01
-1.257837283996961020e+01
-1.263240311627962065e+01
-1.421720057558225925e+01
-1.243039824811642724e+01
3.156101517462538197e+00
-1.869579882675887372e+00
-4.023045717159487111e+00
-8.035720600458631679e+00
-6.533766535430285849e+00
-1.903062894627941404e+01
-3.610596058320376045e+01
-3.741548120743828321e+01
-4.445957285324114849e+01
-2.021711596334141348e+01
2.106977267484289129e+01
8.804107568042416787e+00
-2.605424318588327015e+00
-1.383139695172132555e+01
-2.738222187408315023e+01
-3.883734097015065601e+01
-4.023079758762705183e+01
-4.503435133362676623e+01
-7.071621966620640798e+00
7.128028556120073134e+00
2.722268424305829981e+01
2.996518149495199879e+01
3.169190679445617675e+01
3.219099377831427944e+01
3.409515219320259405e+01
3.342941835101467518e+01
3.532945427420091988e+01
3.854117320374704292e+01
3.825925322132812312e+01
3.286063230407295066e+01
2.967943271012500261e+01
2.846702690967590144e+01
2.652071155612440734e+01
2.298033918098993666e+01
8.489476978308523769e+00
6.983056419911467749e+00
-5.691995336688377982e+00
1.507177403455963738e+00
4.168980358978902956e+00
2.765575071215751635e+01
1.264529018939599148e+01
-3.382061151027242829e+01
-3.285737960265070967e+01
-3.312044262647210502e+01
-3.388020299720432149e+01
-3.694154334429261155e+01
-3.586287660301493219e+01
-3.533616568937787861e+01
-3.741422023291420373e+01
-3.558250564139736838e+01
-2.862627198659856376e+01
-1.609450907293980748e+01
-1.542473196776533273e+00
5.254847014428833951e+00
1.744872090912981477e+01
2.624087376979112207e+01
2.943251516255236666e+01
2.885906979474372136e+01
3.038804489704085299e+01
7.039947360517399000e-01
-2.019163907887181963e+01
-3.934074355350060115e-01
5.030477950678975851e+00
-9.570994574845456682e-02
-3.538170126218914469e+00
-1.172571546298137157e+01
2.290643406300111984e+00
-1.916312790264771948e+01
-1.849933327897033664e+01
-1.772593454793774015e+01
-9.442028556689542995e+00
-3.854384703320219430e+00
-1.984696382095383527e+01
-1.504721288359277764e+01
1.587367283570426757e+01
2.130264746595870662e+01
2.241099792271906921e+01
2.159358079710189315e+01
1.873681314217173366e+01
1.709214028252793227e+01
1.199034473080359398e+01
1.978189330693443182e+01
1.810521820789491088e+01
1.412018077834126828e+01
5.522845167036033232e+00
-2.008724240075894230e+00
-3.352592321093953220e+00
-1.334044664436260597e+01
-1.469491294260219760e+01
-1.247184374871220314e+01
-1.282097506496186590e+01
-1.582913210766361445e+01
-1.222672699439017485e+01
-2.443829431116332884e+00
-5.436943546963285412e-01
-2.226364920841418460e+00
-5.425591174942062445e+00
-6.965503106529972399e+00
-2.317324294345503688e+01
-3.241079014649729828e+01
-4.211806686884347073e+01
-5.727219597611883728e+01
-2.138982482008166741e+01
3.467403989684806476e+01
2.988970433800570348e+01
9.319216538521832405e+00
8.423419421027010801e-01
-8.839752378458491933e+00
-2.457399873489953634e+01
-3.687186330386368383e+01
-2.808004738095045383e+01
-4.091153852638402810e+01
-2.851041824255595358e+01
1.167704427442413184e+01
2.429934848281823534e+01
2.911057266191864912e+01
2.831919902628340324e+01
3.081950571922814675e+01
3.159159395415705518e+01
3.257197980838434859e+01
3.550865718723489550e+01
3.869565028284480235e+01
3.902836118503986995e+01
2.347492485183632738e+01
2.686764913205868766e+01
3.002976645137102452e+01
3.059194748633839822e+01
2.823743996294989955e+01
1.646982708086646952e+01
6.321415446564002671e+00
-5.784105028109726376e+00
-7.504708702463148029e+00
8.192681743325607613e+00
1.064631508442703733e+01
-1.532486339447261692e+01
-2.951219462559283357e+01
-3.143451912545781823e+01
-3.241216020607486570e+01
-3.335489567636037833e+01
-3.537042923218874790e+01
-3.405925210465638742e+01
-3.565310636375611608e+01
-3.776695842879490783e+01
-3.638877642835454651e+01
-3.020426091110542899e+01
-1.680759068672560375e+01
-5.767205886147295679e+00
5.128056572892985443e+00
1.379028794839454974e+01
2.886158987555282351e+01
4.445650002708121917e+01
2.680403488539633372e+01
2.720813842312950825e+01
-5.379787867855482242e-01
-1.817758033066122891e+01
-3.032500690173614455e+00
7.270363863006527261e+00
1.610102224066621845e+00
6.959544064924499729e+00
-2.615320458899641309e+01
6.474692094430862355e+00
-1.568675370611169839e+01
-1.929641925300424887e+01
-1.774142291770235147e+01
-3.442456014494245320e+00
-1.261839847537007842e+01
-1.614147610351952267e+01
-1.446153753005600962e+01
7.492310790150669142e+00
2.144894978587861090e+01
2.279349926353225086e+01
2.130702591526889478e+01
1.882741651038148589e+01
1.844048367942048827e+01
1.208743945488667748e+01
2.581427151348445292e+01
1.961478222731025767e+01
1.248667004414965120e+01
8.782553733211827529e-01
6.419803094262225507e+00
-2.204063936662413070e+00
-1.396101725537445404e+01
-1.291456260113594290e+01
-1.040358644728489246e+01
-1.053789262028938190e+01
-4.264388610846863514e+01
-9.694985292338895277e+00
4.128191551556563255e+00
-1.127351345288052586e+00
-9.606955684523762473e-01
-4.200351741246530324e+00
-3.985378595600246765e+00
-2.588401368479187070e+01
-3.342033831615317041e+01
-4.101889245829794817e+01
-1.976092968564678642e+01
3.295623609290171174e+01
2.564577136817828062e+01
9.326192326206456329e+00
-1.300512048979045820e+00
-1.259107654839091950e+01
-2.720229726472188148e+01
-4.574882715651949638e+01
-4.953669475429593660e+01
-2.239539357859929325e+01
-2.366947054037992970e+01
3.295844786688303940e-01
2.924254451882411843e+01
2.811361895311420511e+01
2.877295989902677320e+01
3.015953973937394750e+01
3.097491877038688202e+01
3.249286604934879819e+01
3.624848438717774002e+01
3.892274820307541461e+01
3.847598876075075935e+01
2.829818987222049387e+01
2.560239132133327900e+01
2.805532807973723308e+01
4.033719031483634865e+01
1.938446706409827769e+01
1.637099362515158774e+01
5.188278741279089168e+00
-3.822495112434397768e+00
1.930119634685505758e+01
8.114925014694570393e+00
1.124407362966709556e+01
-2.246584699759250370e+01
-3.030216665512543628e+01
-3.060108841387164347e+01
-3.111710155538838762e+01
-3.290251871040675979e+01
-3.542379109134625281e+01
-3.416157933737340358e+01
-3.641364335302175448e+01
-3.785271582268017454e+01
-3.584229589187927445e+01
-2.795338887456010113e+01
-1.734364297862597937e+01
-2.305597474088116883e+00
4.486146973996205212e+00
1.613786255485914722e+01
2.812242504503071672e+01
3.008289213047165944e+01
3.293950089673354142e+01
2.316196963385902308e+01
-2.473205443890903243e+00
-1.858078386319983366e+01
-7.656839551320442361e-01
1.013862732406894551e+01
8.590460608327353809e-01
5.526708756838440983e-01
-1.759734934041862431e+01
5.216531436990910819e+00
-2.316206959443396940e+01
-2.006832631935774813e+01
-1.492817855115328385e+01
-3.520736749320740877e+00
-1.450995288851884446e+01
-1.866381100226614365e+01
-1.046053464871243577e+01
2.081081196647327047e+01
1.752257203414297493e+01
1.986951425051486808e+01
2.042634664272912559e+01
1.712718005132757426e+01
1.727495538809671771e+01
1.874399715104517838e+01
2.394478729605100398e+01
1.921514774477141074e+01
1.507291677463187085e+01
5.513899971719886217e+00
-9.366642495716814842e-01
-2.282204394128859892e+00
-1.049161751763611150e+01
-1.236120463390386348e+01
-1.030378435348011479e+01
-1.079548899574016652e+01
-2.444469256737126628e+01
-5.028968940271931309e+00
-1.456934516575772109e+00
-2.880162412353285406e-01
1.270942935204378621e+00
-6.756053728286427251e+00
-1.420957237644715043e+01
-2.818142596588894122e+01
-2.467733771558868838e+01
-4.405708594602160844e+01
-2.076033272453917178e+01
3.070937766278450809e+01
2.241845432350319811e+01
3.257440576943021693e+00
-2.401312426208010997e+00
-1.242168377899940168e+01
-2.383930268662283325e+01
-2.600015438499614362e+01
-6.671272807145902206e+00
-4.361222679143164527e+01
-1.751882624425841328e+01
1.366196774255292112e+01
3.058202526470144633e+01
2.776257955661028731e+01
2.954790608454060319e+01
3.143704053448437108e+01
3.146748997864833086e+01
3.308111782937649537e+01
3.675441695267321052e+01
3.877371765405242598e+01
3.797342917403948803e+01
2.435395363263727830e+01
2.620495858451044313e+01
3.248939855969514667e+01
3.011141729317229832e+01
1.730539944684227649e+01
1.512289750857439508e+01
1.226041483431511914e+01
-2.592790457304036789e+00
-1.042699782220400628e+01
6.114981865913081016e+00
1.087865238520542555e+01
-2.926187803368924278e+01
-2.941125256924564368e+01
-2.868668630488081206e+01
-2.982733025348873923e+01
-3.318285797036102025e+01
-3.511311302195366579e+01
-3.385467342647484656e+01
-3.697408995084303029e+01
-3.774288651559878360e+01
-3.476430923101103332e+01
-2.446258012005517202e+01
-1.451987805513469176e+01
9.934835753363282507e-01
6.521579953837595589e+00
1.919187370259153269e+01
3.135230900624733863e+01
3.287347964787923615e+01
3.582074517657391510e+01
1.963580105720768998e+01
1.471815319732497507e+01
-1.602764084297566782e+01
-5.731112704135876701e-01
-7.566733494527661641e+00
-1.456710839231893573e+01
-2.513297597822506901e+01
1.120613663628106771e+01
1.205631349694270771e+00
-1.953870787667073827e+01
-2.444000417385556645e+01
-1.228282321518803322e+01
-2.930646584421975565e+00
-1.254104660262919602e+01
-1.327203672279594748e+01
-9.048316538743639725e+00
7.340853561662211924e+00
2.395257429933523241e+01
2.439782218554298865e+01
2.143373061688298975e+01
1.600062340810386274e+01
2.989405533261422576e+01
1.149255979306030362e+01
2.283628688956540032e+01
1.887337821371651714e+01
1.333112147043970097e+01
1.345961124731111624e+01
-2.949873526232654530e+00
-6.279538136995549635e+00
-1.405987675855130981e+01
-1.159569121325592178e+01
-9.645923712690708030e+00
-9.796905419339001497e+00
-3.313626039711012794e+01
5.448788967270551398e-01
-1.959726765526808856e-01
1.245475389224910190e+00
5.246746036186565876e-01
-5.848567275099853191e+00
-1.474737391553406773e+01
-1.666282699473559603e+01
-3.241481097163402580e+01
-4.066941494987577244e+01
-2.673786438506247976e+01
2.788017646512552972e+01
1.288581540048026497e+01
9.337401506384336303e-01
-5.774573513507458067e+00
-1.887186411309447109e+01
-2.876392984688940402e+01
-3.464196087111032085e+01
-4.157970997981431083e+01
-3.873043694792304592e+01
-1.326160707352006440e+01
1.678179665838970891e+01
2.943476400380404456e+01
2.822215046473420230e+01
3.072841096854494580e+01
3.054769275871532486e+01
3.199911282716660921e+01
3.364272795237613423e+01
3.764591490697296194e+01
3.900708657203745133e+01
3.695719403540280723e+01
2.479498318219466668e+01
2.905332632097919898e+01
2.912475581641729505e+01
2.935414599521483225e+01
1.776360140715135572e+01
1.387864349582915935e+01
4.962145442519001470e+00
-5.284756653142256511e+00
7.081333694741013041e+00
1.628233552335204948e+01
1.086520535738651994e+01
-2.663934468110740283e+01
-3.272924915212534813e+01
-3.103052062696800562e+01
-3.468501740324618510e+01
-3.306762900071554157e+01
-3.468596475972988458e+01
-3.411480356995205909e+01
-3.739547716129973054e+01
-3.723068900641371215e+01
-3.316402233133361932e+01
-2.265763220908124964e+01
-1.559796130849390750e+01
1.298208762998938948e+00
9.197362929609198545e+00
2.305883041184322479e+01
3.480395900439017964e+01
2.682002337363582001e+01
3.422036618755033999e+01
1.427197629511754329e+01
1.093942006394109079e+01
-1.163379627880873812e+01
6.973796397948077264e+00
-4.839829994871152508e+00
8.525753309187038553e+00
-2.562357036335708926e+01
-1.001573992304737537e+01
-1.684146198371978542e+01
-2.276824013811085479e+01
-1.242371057367349962e+01
-1.669843350808348603e+01
-1.756337007464130462e+00
-1.403786531026895190e+01
-1.312820402200073922e+01
6.792552402697953351e-01
1.656505617374744332e+01
2.313935780479191351e+01
2.197186293235918697e+01
1.965230360459036874e+01
2.046897811318597604e+01
1.914271423603485545e+01
1.512670700208745522e+01
2.139251134179020042e+01
1.771051423992803464e+01
1.049271951805701697e+01
6.115621020693319032e+00
-3.783947103694972558e+00
-1.304770502927118336e+01
-1.390578924637377511e+01
-1.127669890316719936e+01
-1.046333477953416846e+01
-1.029470711724570009e+01
-1.723556722592745061e+01
-1.228458375549750098e-01
-1.706825054296259747e+00
-1.912462823596093875e+00
4.727681139934292176e-01
-7.784498516803549428e+00
-2.622899638045097248e+01
-3.058956696103510708e+01
-3.860685663444367322e+01
-3.063507832310728318e+01
-2.286992538632058114e+01
2.650478487760826951e+01
1.332142521893850073e+01
2.744235113940662441e+00
-7.985991407033301570e+00
-2.048650496064414384e+01
-3.175767919774501280e+01
-2.981611334593693741e+01
-4.064000095388341549e+01
-3.554738515634165452e+01
2.278110436722605048e+00
2.117904943425685360e+01
2.828655316811033416e+01
2.787850107177000680e+01
3.066469160430011343e+01
3.112829885324072166e+01
3.231663880138381728e+01
3.436467396872497915e+01
3.807948217946892555e+01
3.917626538641206224e+01
3.631976630735293554e+01
2.157684683703402584e+01
2.827226822051164490e+01
2.865560244601031670e+01
2.981193817632444976e+01
1.859042333152561000e+01
1.068340394040616381e+01
1.584991504267486251e+00
-8.254121468095156899e+00
3.297076135645791606e+00
2.167893684740115745e+01
1.108943282717941514e+01
-2.579023705934657684e+01
-3.097404616392624277e+01
-3.278353945387111423e+01
-3.266440438616218955e+01
-3.410712930244261543e+01
-3.443024805089680740e+01
-3.490583123520145392e+01
-3.777137399349665969e+01
-3.704102374853529511e+01
-3.151179561875989421e+01
-1.615366324529028574e+01
-9.883188181765287794e+00
2.330062657691834627e+00
1.162928370913136433e+01
2.379833204733638397e+01
4.078276113138171155e+01
4.184206847505632965e+01
2.930805808602691087e+01
9.400508935995256721e+00
1.557065185780375671e+00
-6.284087135316566375e+00
7.951764529154782934e+00
-8.691761165840095060e+00
2.841349662941584864e+00
-2.977271739520022109e+01
1.255239254475054445e+01
-1.308456356594808945e+01
-2.367922011475424782e+01
-2.363413512911546732e+01
-1.537946092091550199e+01
-4.139172948356047321e+00
-1.525830249929146909e+01
-1.747255391615151510e+01
-1.395553808811318630e+00
2.047665064378132271e+01
2.414389172324865385e+01
2.090468179466107301e+01
1.923104269812843725e+01
2.323136910423374246e+01
2.373516607681883173e+01
2.314032482751750663e+01
2.010224115396030342e+01
1.588522106027668990e+01
3.242130354057019215e+00
4.272277428997299786e+00
-3.487930622953895110e+00
-1.690447607753215920e+01
-1.408215840086507598e+01
-1.072066912435427533e+01
-1.196876114718823381e+01
-1.101600860317368102e+01
-1.453679911049153617e+01
3.176034470244597951e+00
-1.890248085110124654e+00
-3.812328119984149222e+00
-1.303694711835941655e+00
-7.083306042439248884e+00
-2.222637811127168561e+01
-3.663542212347770999e+01
-3.660009879985823744e+01
-3.232062877836907688e+01
-1.873838791426105388e+01
