# y [pc] 550myr: 
1.500000000000000000e+01
3.603494569892948807e+00
-2.615938728424534343e+00
-4.959545868757281539e+00
-4.270865449795562263e+00
-2.706447298319964556e+00
-7.937074491236111307e-01
-1.631195596988813890e+01
-1.337947889647215405e+01
3.991029169770512475e+00
-3.588455395990675534e+00
-4.743427596087435028e+00
-4.812355400749460443e+00
1.010781087918948273e+01
1.345058589782461667e+01
1.968653727153572675e+01
1.817786847461541910e+01
2.009700067657292877e+01
1.951579628642520348e+01
1.530512039080545961e+01
1.036448037803703492e+01
6.732719865029409334e+00
1.060410212734284663e+01
9.466364872058267821e+00
-2.029528106322255887e+00
-3.348838125844857405e+00
-4.272037628127712594e+00
-3.593653136952279059e+00
-3.624748990508682489e+00
-8.262348812587686497e-01
6.015246939261027492e+00
1.146417596925979776e+00
5.446574584464940472e+00
-8.105966773199552833e+00
-1.861200944983919925e+01
-2.408965964717025798e+01
-2.350846469725424726e+01
-2.258858515033174896e+01
-2.194066453199910427e+01
-2.080913539710561011e+01
-1.459630079025650673e+01
-8.357150122240145862e+00
-7.830779955944547899e-01
5.717739551613317595e+00
1.014279415333410705e+00
3.871834811960996436e+00
9.420609837565098843e+00
3.880024151664927956e+01
-3.306000759046861526e-01
2.672343155671901727e+00
1.777320230703813397e+00
-4.641293452759420290e+00
4.566808516047153432e+00
4.140658971634631591e+00
4.604706236317501755e+00
-1.886760226508271021e+00
3.204799453385810626e+00
6.085283877095438720e-01
-2.188601911127724176e+00
-1.042175959947448938e+01
3.452965060335899672e-01
2.296263956047997379e+00
-2.066649105465655278e+00
9.662117791146705770e+00
1.123701048856150386e+01
1.381750675948371843e+01
1.554070928046828648e+01
1.715668603738786047e+01
1.875964394195988305e+01
1.979372912572880594e+01
1.842883311919284139e+01
1.721837184085866923e+01
1.691446936667023593e+01
1.433265289546795707e+01
1.271992598100533556e+01
9.793242120289926689e+00
6.855524720037919906e+00
-1.143984281316733664e+01
-1.470985154492537816e+01
-1.327879180492383249e+01
-6.472549743371732056e+00
2.579173170676352100e+00
8.289429657097095117e+00
2.118972464782089560e+01
1.870081531790662055e+01
9.846971497748592483e+00
1.228118203938172215e+01
1.363279803642881127e+01
-4.513432437936416797e+00
-3.484389104708645934e+00
1.632154272503449022e+01
1.828900641123462378e+01
1.952360721784008746e+01
1.104095476053576341e+01
2.236907903325942915e+00
-3.351998816232271139e+00
-5.724014232606897679e+00
-1.253815135948213255e+00
1.812927670690890336e-01
-1.667847252916252465e+00
2.105893263877343990e+00
7.654897613068398776e+00
-5.700109384101330612e+00
-1.261389506183991749e+01
-1.097500729731437419e+00
9.592758437284923945e-01
1.102717274124792901e+01
1.556112403127813870e+01
1.982648269660037954e+01
1.905207709618386502e+01
1.924743448688195713e+01
1.884498434869425054e+01
1.455841876898589682e+01
9.034775449854377527e+00
7.106982715108405735e+00
1.075825729165691058e+01
6.817016903070123313e+00
-3.073125879295523610e+00
-2.873224841174305322e+00
-5.705072248972943960e+00
-5.759531094905146809e+00
-1.468954653228347729e+00
1.479421901332374389e+00
6.118099040060991811e+00
1.067304545629048196e+00
4.208096733749237650e+00
-1.100288848670492925e+01
-1.974542016293518643e+01
-2.441832509906867443e+01
-2.266006660351260749e+01
-2.304202410481263996e+01
-2.252734952026202819e+01
-1.900380965321385673e+01
-1.346679880871885970e+01
-6.571249810167722138e+00
7.133685132923387462e-01
6.207405838209381521e+00
2.257607597567813151e+00
5.946253128280229561e+00
1.732961164969034229e+01
1.504290733969472349e+01
-2.541365375367688362e+00
-1.514512929608312186e+00
-5.440291289525872820e+00
2.139225039392872674e+00
6.305892868111415694e+00
3.326757203021768472e+00
5.450032246539993075e+00
-2.749286989012222904e+00
6.308829482117477738e+00
-6.901483916794667550e+00
-4.308751814236622124e+00
-1.039643202591168780e+01
1.138375105662831510e+00
2.837479175114951513e+00
-2.803375974325557518e+00
9.288764949294687767e+00
1.235467324875682138e+01
1.463207331747477546e+01
1.593522628708683975e+01
1.747483515708516322e+01
1.899936943558344282e+01
1.984732791926698070e+01
1.854406951659008485e+01
1.780388159458517450e+01
1.616044229593244097e+01
1.316478976780633303e+01
1.231780062826587319e+01
8.000365973414513832e+00
3.416882711722680099e+00
-1.411718276454015353e+01
-1.476364913937707790e+01
-1.142495186284749131e+01
-1.555130091472837650e+00
1.318042322326743232e+00
9.598379513043205691e+00
2.032354158507985531e+01
1.818746451552497589e+01
1.450828976914168678e+01
1.421997090282699538e+01
1.211666257547454073e+01
-6.844054922921556816e+00
-9.232640638472128458e+00
2.075359371402906916e+01
1.924533964905577221e+01
1.975906907632219145e+01
1.262013918467223483e+01
9.484833641452355968e-01
-3.807374355845696723e+00
-5.075998334943690793e+00
-2.108839355413735017e+00
-4.064248123991499817e+00
-4.575886204354310260e-01
-5.117014712967586476e+00
6.763698355592787648e-01
2.035245786291548953e+01
-2.433798008779169209e+01
-4.934396961074065391e-02
7.289885071753240631e+00
9.453048036955950195e+00
1.717195377371918852e+01
1.939902821011094858e+01
1.988704697421151835e+01
1.936572851030541642e+01
1.754118284404523109e+01
1.375822864531159517e+01
7.746899533363950319e+00
1.065925428500657546e+01
9.504033685815628019e+00
4.414312997216035761e+00
-3.238925091456130279e+00
-4.825854544314658767e+00
-5.867027866616645326e+00
-3.333548165375858296e+00
-1.244893686841431757e+00
-6.159774101558578296e-01
5.017172395660155715e+00
1.240717706519329777e+00
3.190892906205272883e+00
-1.379639932798975188e+01
-2.089140934170091768e+01
-2.455147026342131156e+01
-2.209492927076343705e+01
-2.363419900118984884e+01
-2.253376859885314687e+01
-1.782748551917720903e+01
-1.229790701413678988e+01
-5.276887633538559719e+00
1.736542002456288536e+00
3.976524238019697677e+00
2.789849892809099785e+00
6.106674598742618087e+00
2.125139373921376773e+01
-2.982015009162963248e-01
-4.645402818314667392e+00
2.201389312171921464e+00
-1.433461058726636372e-01
-9.459746624457447961e-01
4.823650894138594936e+00
4.040914990623183378e+00
4.497257771813708338e+00
5.505240125652194338e-01
7.409955687765776844e+00
-6.806731431152535983e+00
-2.432784832226811300e+00
-9.804301153588024675e+00
1.231907808692183082e+00
1.484284314446374209e+00
-2.613576390236626246e+00
1.080329136985471550e+01
1.234899439278168032e+01
1.455722379668029198e+01
1.613481459826898501e+01
1.778932476297667264e+01
1.926117583480794337e+01
1.983425707843331054e+01
1.707111981354559305e+01
1.753421309484444279e+01
1.487914843726037439e+01
1.285988663249489861e+01
1.291823688963959960e+01
1.139393659247191515e+01
-5.507954637242540308e-01
-1.568081771554517445e+01
-1.416630456624226575e+01
-1.025281743975574145e+01
-1.751460391619353185e+00
6.952438589198950414e-01
-4.181498615042500866e+00
2.051256645697877090e+01
1.922067877413973491e+01
1.482167749768846399e+01
1.336546327843629633e+01
6.895408152986613359e+00
-1.040348726263220769e+01
-6.028958458075408089e+00
1.739481383579307661e+01
1.959467727925618163e+01
1.988750743098193396e+01
1.319157889709454246e+01
-3.322164032100844988e-01
-3.996461866603956192e+00
-3.037908767935255216e+00
-3.994321081668177342e+00
-1.669453759334085907e+00
-2.810650175636327130e+00
6.857932575037978040e+00
1.195861779174966877e+01
-8.573500973728272356e+00
-1.232392916590660192e+01
-4.340349235883807388e+00
7.887834729177866322e+00
9.968908067963676345e+00
1.846701072305406299e+01
1.932525358884913302e+01
1.996763192647521734e+01
1.915805234453483052e+01
1.673012362185280466e+01
1.279210653953953702e+01
6.409685926742019646e+00
8.094009979809229094e+00
1.183478217903895846e+01
2.297388824971610344e+00
-3.313204493215934132e+00
-6.029843268763037223e+00
-2.982812635765658360e+00
-3.904561372632182170e+00
-2.130726177799424637e+00
1.762617727590614747e+00
8.500622020110688126e+00
1.088897617668691975e+00
-5.982534335413923765e-01
-1.582527356074638902e+01
-2.186768730913342651e+01
-2.455947524075136457e+01
-2.169800115063837964e+01
-2.277333238862900444e+01
-2.234734605110711314e+01
-1.680330688253398463e+01
-1.107816102469984720e+01
-3.560144141470795276e+00
4.432166363258153829e+00
6.756017515175135379e+00
1.035969301682068799e+00
6.972144013624861358e+00
2.583418578148911848e+01
1.811696101107562296e+00
-4.047995715183254184e+00
3.374285149726827943e-02
2.874125877611137803e+00
6.257891046427877413e+00
3.919625742707079308e+00
2.734909692494842393e+00
-2.596385320296714205e+00
2.617277783826158277e+00
3.531093040928171334e+00
-1.216820330156970620e+01
-1.752608667136041021e+00
-7.316723677954902527e+00
2.580096660502808614e+00
3.522608660737266639e+00
-2.847075949156172125e+00
1.029226889186729288e+01
1.280067633586012654e+01
1.486003117857034717e+01
1.643764357199825099e+01
1.809327840934603415e+01
1.944178581366229608e+01
1.962247739812956837e+01
1.727495473899925571e+01
1.662776601656433328e+01
1.393035637919184389e+01
1.298802276576718739e+01
1.112020486051541468e+01
1.359675934436195099e+01
-4.205834139314125864e+00
-1.595298710698482303e+01
-1.387161687485233941e+01
-8.684838141280547319e+00
3.455299842104990748e-01
5.110720965246913217e+00
1.039933403943045320e+01
1.927340870680455609e+01
1.453514017786860180e+01
1.323172669906040610e+01
1.432888638794670477e+01
2.913656530403898604e+00
-8.888163537209807785e+00
-1.966520153466975174e+00
1.557028032727898648e+01
1.988228955426908229e+01
2.025378864846235416e+01
1.271318273436897961e+01
-1.532035679956164520e+00
-4.587320196770922287e+00
-8.642409538326857543e+00
-3.012701204375582975e+00
3.596610417807873383e-01
-2.421958795571782286e+00
-3.190862105400222859e+00
1.210250756017017437e+01
-1.485497788086823157e+01
-1.176407964533268213e+01
1.438857734990194759e+00
8.480711912503828387e+00
1.054974157636203635e+01
2.058416551134560279e+01
1.898946698046580295e+01
1.903547638995523528e+01
1.858824025894334753e+01
1.603173936705741198e+01
1.167532977683279327e+01
5.086798317179566098e+00
9.453642141445827818e+00
8.550212168051768202e+00
3.123045082943616269e-01
-3.770693947818389624e+00
-3.235833383824110676e+00
-6.261371074265823511e-01
-2.604574253780707060e+00
-2.980189772416391936e+00
1.286115305773974704e+00
1.034366660098966939e+01
1.170898799174399318e+00
-4.759032921808200811e+00
-1.759291230553100860e+01
-2.348768381719018095e+01
-2.407367900887608059e+01
-2.140065068327676201e+01
-2.254384783942744619e+01
-2.203353526138021579e+01
-1.534803511210450466e+01
-1.041802813429353947e+01
-2.469304731412870435e+00
3.673959443408393533e+00
1.499985616375058228e+00
2.413408146345996208e+00
9.382605453044901012e+00
3.287744566597579166e+01
2.600615859234947980e+00
-3.803699519540816310e-01
2.359602824187115033e-01
-1.248692271338549320e+00
6.637005895509014763e+00
2.349768352417162642e+00
-1.386828786937852054e-01
1.735441032949142925e-01
3.868572254544288658e+00
6.959294626078580848e+00
-1.205306584723228269e+01
-1.604430928322480021e+00
-8.440355430417522120e-01
1.313427864428874825e+00
2.014442286483942635e+00
-2.506399145138987539e+00
1.064806941948051566e+01
1.329009775865597831e+01
1.517077425605496011e+01
1.676756385505572311e+01
1.840846050343228768e+01
1.961494842562413154e+01
1.888807711531147859e+01
1.737194758372648806e+01
1.657406338621177966e+01
1.386615749054088909e+01
1.344288122840716504e+01
1.073308722059229758e+01
1.034261093325226177e+01
-7.894754377428093939e+00
-1.488782667331787124e+01
-1.428817473120168557e+01
-3.982747255844693690e+00
-6.901953310625944527e-01
5.388273229947835752e+00
1.073613224548466327e+01
1.927664492972626675e+01
1.278113527885124157e+01
1.265310513646597812e+01
1.068488714286505292e+01
-1.507265033494078033e+00
-4.607658968192466453e+00
2.277408460017648739e+00
1.598923864716217658e+01
1.958189321359900603e+01
2.079564169735417778e+01
1.183413760147769800e+01
8.297884417782242394e+00
8.846577648419629014e-01
-5.241006944919843313e+00
-5.777066623723138505e+00
-4.303923660102548787e+00
-4.653097713489930953e+00
-2.848674641466635293e+01
-2.315909831829438825e-01
-2.349944659849675654e-01
1.158598562349510885e+01
-1.882583574528280179e+00
-4.039398862796473644e+00
3.383315958996770956e+00
8.348843216269838052e+00
2.019636342224173120e+01
2.296224730923725943e+01
2.204975773320524368e+01
2.229950668752539400e+01
1.931884325769223310e+01
1.489714721921559182e+01
8.354379195608679254e+00
1.010244992824452659e+01
1.271546269160355891e+01
2.472722722849903132e+00
-4.077041938293575640e+00
-4.709494689920428634e+00
-1.197315596560289408e-01
-2.389710214931101806e+00
-3.532939425199340122e-01
8.047796326179204041e-01
1.230147860101854507e+00
-3.725102113284731509e+00
2.794625079859415440e+00
-1.436510279569086990e+01
-2.393992490936934914e+01
-2.649160260510303999e+01
-2.430386424325601169e+01
-2.521379737039352520e+01
-2.438545204559057922e+01
-1.948409446018703051e+01
-1.344571970733554167e+01
-5.739506674788071194e+00
3.121420779310624116e+00
3.470946549920243651e+00
2.156015479578967220e+00
2.129277925287561546e-01
2.230400464181275311e+01
6.707003484934247473e-01
-8.320917263002076680e-01
2.906395788327754914e+00
2.579247489077693078e+00
7.684378394657044531e+00
2.725466285371796360e+00
3.707297897314740798e+00
3.683634892775113467e+00
3.249720197654439424e+00
-5.495509732818262272e-01
-2.851045750177787941e+00
-8.366428664786859315e+00
-1.439987469257634212e+00
1.385285253557632767e+00
-2.906854493946964269e+00
8.928251025450443024e+00
9.522956839503013526e+00
1.240384854101144008e+01
1.455298256412094737e+01
1.636819143589073988e+01
1.814251467377740568e+01
1.951684973188233130e+01
1.950214403487892412e+01
1.813620868001579822e+01
1.763289112001653791e+01
1.458516499016724843e+01
1.446377392535498885e+01
1.291457403293365580e+01
1.082319410726994313e+01
-8.369918601936415570e+00
-1.730163925981161910e+01
-1.582892533565421544e+01
-7.027019656318612917e+00
1.783741814986585794e+00
4.016436692975911882e+00
2.033496215430145426e+01
1.965670671588633667e+01
1.288485781095689298e+01
1.607276682514883603e+01
1.478618904991520289e+01
1.236134417396128171e+00
-8.872550183571076943e+00
-1.314934648134197470e+00
1.801706074896637944e+01
1.944922563557358686e+01
1.442690428210576492e+01
6.883046830162255603e+00
-4.935005199977046675e-01
-6.518121364892178526e+00
2.608061835883229707e-01
-5.740773767568388308e+00
-6.809574078111027440e+00
-5.164694713431098316e-01
-2.138606461882670118e+00
1.450960261736394941e+01
-1.181779549010945507e+00
-1.605292520385763666e+01
-5.666580530791924808e+00
7.118328954323200897e+00
1.271255731351974383e+01
2.085397868998301618e+01
2.207837439975355309e+01
2.282093645559697492e+01
2.165406461164272400e+01
1.866288358921233481e+01
1.370788999404337716e+01
1.104833695510446745e+01
6.404612985965008498e+00
1.005607850282994242e+01
1.647812545878843682e-01
-3.310944777157773355e+00
-6.969038314468577688e+00
-2.563575836158143773e+00
-6.511167271258954115e-01
-2.141783734419477003e+00
-5.918021791736421955e-01
1.423081196757074451e+00
1.253909022619619451e+00
-1.030653979175111701e+00
-1.736753061683670651e+01
-2.469175852339910193e+01
-2.637875612986484342e+01
-2.494158561656516682e+01
-2.534387296795302191e+01
-2.285865641149696970e+01
-1.844265185824098907e+01
-1.171127360729937905e+01
-3.770741773646586914e+00
3.681299724274818885e+00
7.093766658578378070e+00
6.085835291600962371e+00
4.189884367530240183e+00
2.998428008712791382e+01
2.605271146247156278e+00
-2.296442377821052983e+00
5.499922397752844638e+00
3.982500219449294776e-01
7.427933346675224868e+00
-4.279552083018856035e-01
7.920782530866271820e+00
3.752020840707975147e+00
-2.587874560737261076e-01
9.268327971115866148e+00
-1.977982585561336160e-01
-9.840286321487937471e+00
-3.297244380418592247e+00
2.220968747110895869e+00
-3.912392447236392456e+00
8.462306396379457141e+00
1.021296745878165524e+01
1.292214192109315896e+01
1.493074832645188188e+01
1.672820788717078599e+01
1.845842874312586090e+01
1.965909393284493945e+01
1.855136612244383443e+01
1.802566724662688102e+01
1.732766932145403871e+01
1.544505714207511637e+01
1.461721318133693970e+01
1.270563414391183521e+01
7.555089624940428905e+00
-8.965438864580942635e+00
-1.800589139675276584e+01
-1.463093737013177353e+01
-3.215975042984173360e+00
2.324084805135727461e+00
3.992401851228724041e+00
2.070455484110708966e+01
1.922285788695219111e+01
1.119670589396457849e+01
1.392160800466089832e+01
1.120584497606146535e+01
-4.423120695385733825e+00
-2.816605933146226093e+00
5.908848545397056284e+00
1.676460083808782997e+01
1.927679061220180401e+01
1.318759603940089420e+01
5.345048917830944823e+00
-1.833629759379691526e+00
-6.190602183137324133e+00
7.150087193068025426e-01
-6.213733663533690610e+00
-4.654066157921331048e-01
4.778090097969683869e-01
4.004093557006966009e+00
2.036890499361556550e+01
-1.077204454615420381e+01
-1.342949563000787627e+01
-2.593009860494258856e+00
1.010810918261319991e+01
1.595345864227342325e+01
2.209102986110551825e+01
2.193639225199727250e+01
2.290420902730557984e+01
2.092703310293518726e+01
1.789604795060704845e+01
1.240464955752000620e+01
8.632134548735303170e+00
8.500876079514700479e+00
9.180729402816789175e+00
-1.732833191427614494e+00
-2.731840238068235394e+00
-5.225288624955199523e+00
-2.703233987642280400e+00
9.319438608108210342e-02
3.185077119046781924e-01
2.247100163161933395e+00
8.839105938208394742e-01
2.595167250346412491e+00
-4.906820581479006904e+00
-1.893528249534204377e+01
-2.554925111146012284e+01
-2.600783223930861610e+01
-2.501421616650899793e+01
-2.523315146545580490e+01
-2.196685169403330917e+01
-1.730229032149973989e+01
-1.027857272125421062e+01
-1.798967647097659439e+00
3.636916364217875675e+00
3.437036761287147968e+00
4.606533260824818399e+00
1.165820917526225564e+01
4.779573057687971271e+01
-7.413050164133372366e-01
3.231557445225575975e+00
1.537825585086042279e+00
-1.951795612666395341e+00
6.876691598425624719e+00
3.380216876504321899e+00
8.396527012884549279e+00
2.171580513392871392e+00
3.081062636908877383e+00
5.187064192394199580e+00
-1.724374374570275981e+00
-1.029612734341803915e+01
-4.152835373663607554e-01
3.201117102223145050e+00
-4.119160150196453429e+00
8.149895566772601185e+00
1.074089873612537716e+01
1.333554160590979087e+01
1.525799972534103510e+01
1.704836805234542041e+01
1.871663277655712676e+01
1.972354104475573777e+01
1.885892278543001055e+01
1.779803219349321708e+01
1.775546116824242304e+01
1.620599927654273031e+01
1.450517157694191361e+01
1.196233789025776062e+01
3.895340143659585586e+00
-1.032718281512999781e+01
-1.836340341235085916e+01
-1.253779640728090783e+01
-3.429639339839592793e+00
3.726610591959456542e+00
8.818244354471234558e+00
1.963864255588384111e+01
1.886764748376307210e+01
9.905375752112499654e+00
9.117371024145668912e+00
1.195243399336575507e+01
-5.260910274554530197e+00
-4.047099174424504398e+00
1.542489643680701050e+01
1.679513424970123836e+01
1.938308235534283952e+01
1.096340977124483373e+01
3.745487332246547840e+00
-2.799000782647458330e+00
-5.011357001602052996e+00
-9.821841707423640822e-01
-4.182991729168905159e+00
-2.478545288638756894e+00
-9.668943856513317670e+00
-4.503502157818583207e+00
1.540838793364372528e+01
-7.500839377821784559e+00
-5.612103986036578007e+00
2.782828410356906534e+00
9.965790912984813232e+00
1.743265571436117511e+01
2.237877335505348952e+01
2.199700379622428770e+01
2.293330601794125911e+01
2.038571230090194675e+01
1.694334830876119113e+01
1.096068592963321464e+01
7.021382179647917887e+00
1.092009040161269517e+01
6.657128384906823015e+00
-3.634907092614498403e+00
-7.820695473921310814e+00
-1.521200177852715552e+00
-2.891700267235678190e+00
1.932455756498696164e+00
1.099369313835301121e+00
-1.176327264379359638e+00
7.802724722132922119e-01
6.232641690522045863e+00
-1.029025581232466990e+01
-2.061740212983243481e+01
-2.603980998909344535e+01
-2.550440795548793815e+01
-2.503757532340750913e+01
-2.499807348076090108e+01
-2.115583340330965356e+01
-1.611339509223121524e+01
-8.142726575050982518e+00
-6.358849863872370056e-01
1.979445805376391254e+00
2.291627901861847505e+00
6.174168786616673898e+00
1.474959695414394822e+01
2.481645234974697800e+01
-1.876753677192719794e+00
-9.417529998411823255e-01
6.772551635578865081e+00
-4.187307555075305388e+00
6.181565670290837922e+00
3.121923618487609797e+00
4.290048835228013502e+00
1.502956435351663900e-01
2.437862598394226143e+00
5.898591731962580242e-01
-8.621683101868244492e+00
-4.381253468551583374e+00
1.886514601262692381e-01
6.720346172826888953e+00
-3.144314510863060352e+00
7.363401046969293873e+00
1.129978396736345125e+01
1.378022381867585189e+01
1.567220682736016357e+01
1.749610021807166405e+01
1.913347848704823306e+01
1.992318653865647349e+01
1.806390698049641230e+01
1.790496067155277871e+01
1.813920276377440999e+01
1.635888998467659050e+01
1.386443613849328038e+01
1.168589841680842767e+01
-6.852361932731011740e-02
-1.374245075118265547e+01
-1.746234361729027640e+01
-1.025622180812538353e+01
-5.058898153091583305e-01
2.462119195872612298e+00
4.421292462387500066e+00
1.986848058191702293e+01
1.741369406560208688e+01
1.478722859927506583e+01
1.541039842752767264e+01
1.267982828853858912e+01
-5.831479085129775086e+00
-5.156701471530101166e+00
2.207980922541767654e+01
1.910760024663218815e+01
1.981473784995307597e+01
1.274192962639000193e+01
2.336611681719971134e+00
-3.686735781238687171e+00
-6.884094789370760026e+00
-2.744245309415706213e+00
-2.917242335748305493e+00
-1.114497480577690824e+00
-3.541429451136978823e+00
-8.079100986769422121e+00
2.186903465162534843e+01
-8.830064601119218537e+00
9.550671463987463472e-01
7.542078729441315410e+00
9.813699480200261505e+00
1.897462983441938889e+01
2.276335575765603281e+01
2.201170605927723400e+01
2.267556762872264642e+01
1.986954540314853901e+01
1.597926259048568909e+01
9.667459786370073971e+00
7.177080595122752982e+00
1.248864488075508206e+01
4.627187527349504670e+00
-4.374578587765177495e+00
-6.188918855457103518e+00
-1.497084915785285686e+00
-1.083745089701786624e+00
-3.399730271124308256e-01
1.099012437885963811e+00
-1.474469454206225050e-01
1.065972594212514890e+00
5.025773111771854040e+00
-1.263314502350500845e+01
-2.210088192976164834e+01
-2.646856210713712088e+01
-2.503773921830681104e+01
-2.505428318457379433e+01
-2.462868459198973525e+01
-2.027742707333695549e+01
-1.471065053358631580e+01
-7.396874793430838757e+00
-5.249680290200652300e-01
2.556438940645811453e+00
-3.131910909496582462e+00
7.004468763949470933e+00
1.943305954279974301e+01
3.314613981578617530e+00
-7.511039868582904511e+00
1.453258513555177212e+00
3.975729736454884033e+00
-6.471726995210878464e+00
6.966834433861798459e+00
-1.785840623171365049e+00
2.583463577219553109e+00
5.296248699850476527e-01
7.150231706107558871e+00
-7.337324429510235779e-01
-8.787579308997274907e+00
-1.175270706100333268e-01
2.257378462563971233e+00
7.637191003615679818e+00
-3.789951928505759682e+00
8.454322794453810630e+00
1.171739562889978181e+01
1.410478455259737629e+01
1.596815151468239513e+01
1.777645982572089878e+01
1.930010843298524392e+01
1.985678883446527720e+01
1.828752008192043021e+01
1.810936408281076027e+01
1.632715819514965361e+01
1.441111213984468975e+01
1.342625064506178312e+01
1.293243781141134718e+01
-4.542240244663887871e+00
-1.682661623611025092e+01
-1.594663510629352032e+01
-8.059875340177724112e+00
-6.250072040964697040e-01
2.520713690091914483e+00
5.096362741901393711e+00
1.830118691159852062e+01
1.755791798735911158e+01
1.709175063232602554e+01
1.818132827455736944e+01
4.606485054380951460e+00
-4.333117276362798087e+00
-8.448505032527620529e+00
2.036550275359187268e+01
1.999109964359502456e+01
2.019239128089691704e+01
1.515183933910662262e+01
1.278328644044389151e+01
5.138855131124971720e+00
-2.237598410753981248e+00
-4.721287666141639860e+00
-1.719043101631014592e+00
-8.125100355100196126e+00
-6.501057309470942513e+00
-4.363591401918292867e+00
2.709765790302387956e+00
1.042509442611254578e+01
-1.368133781322474007e+01
-1.128652722044748558e+01
-2.138166666333852994e+00
8.672600816652961342e+00
1.903939983190791096e+01
2.420309466813149868e+01
2.513897592733198039e+01
2.462451882245602164e+01
2.277178609535761922e+01
1.893608723569189678e+01
3.631760176292007980e+00
1.341013726252104910e+00
1.072964544836236556e+01
5.695463917249360186e+00
-3.542842639151854822e+00
-6.172474672983836008e+00
-1.032682801580797838e+00
-9.912606006728654773e-01
1.585164835186071652e+00
3.724871572527777897e+00
1.147925884477472014e+00
5.747680246296814621e-01
3.937791499970014097e+00
-9.974469473052833379e+00
-2.137168895736694907e+01
-2.674441246974904374e+01
-2.778643629220238154e+01
-2.721360564346958810e+01
-2.651371660306854139e+01
-2.332423210843644412e+01
-1.806885736405864407e+01
-1.024345598475768782e+01
-1.370069040160504903e+00
3.699028906264516969e+00
3.535081622975608351e+00
7.717735418426745930e+00
8.591594010449261631e+00
-1.251657641460347969e+00
1.141292878941850653e+01
-2.871251441328576348e+00
9.246929057071586300e+00
3.981708673910912655e+00
1.270704462937521484e+00
3.215986462364398335e+00
-4.675032997005567625e-01
-1.132150323356075239e+00
2.260450083916362374e+00
5.369004272823060475e+00
-1.275481275406504444e+01
-2.760480582593626053e+00
1.902547355582388633e+00
-3.247753983419827684e+00
3.453258269512878176e+00
8.354757014745487709e+00
1.138670542695273191e+01
1.370889565232929819e+01
1.567911470596479795e+01
1.757554601006980022e+01
1.918155959649227071e+01
2.000010768428834851e+01
1.904857193785328207e+01
1.912812823556366837e+01
1.849033954340366037e+01
1.743854740714098739e+01
1.392473913658058571e+01
1.280801439099995775e+01
-4.321247418948096275e+00
-1.698276579925733287e+01
-1.779366349992154284e+01
-7.676709082891814084e+00
1.329626135280611132e+00
2.525547269150537844e+00
1.967664410270511510e+01
1.979733853303595836e+01
1.829796550224216389e+01
1.255955491682261815e+01
1.365817160178676382e+01
5.138227208349420927e+00
-4.544587844162239598e+00
-4.668077016127386791e+00
1.250825243921180352e+01
1.870233729062412209e+01
1.586940182594954507e+01
1.130053740857660749e+01
3.504224132812724601e+00
-4.246738969759568327e+00
2.793930439059097548e+00
-4.272854983694948316e+00
-7.905011141940154751e+00
-7.673666818735261685e+00
-4.531975404699358556e+00
9.415592310391273756e+00
1.726092572094919930e+01
-9.771341114433417019e+00
-1.320375097994183955e+00
-2.258476559658250782e+00
1.056909922640329746e+01
2.054620546821184845e+01
2.478158398857987521e+01
2.503540551758408839e+01
2.436093392954361647e+01
2.217499077070907276e+01
1.779991178628429438e+01
-8.974116543223477072e-01
1.385678639879641905e+00
1.201332804635891627e+01
3.753759585819615552e+00
-3.600332613462777775e+00
-6.883893623145953988e+00
-4.772203895768145188e+00
3.207383782199573208e-01
2.323404980839665068e+00
9.784042109951936794e+00
9.952709228795149077e-01
-6.686131801266723684e+00
3.223186172080063638e+00
-1.137088607858367517e+01
-2.262066974374207362e+01
-2.731236455013210573e+01
-2.693797244263358692e+01
-2.790581218821435883e+01
-2.578706880913044230e+01
-2.243074123143251697e+01
-1.664858076570843082e+01
-8.703701478544484615e+00
3.465334346347018896e-02
4.123976554611197720e+00
1.957152493603628640e+00
5.614055791097072756e+00
1.486522486941938048e+01
-1.841757926039023552e+00
8.172576025129634658e+00
8.294753307898265149e+00
8.014222306777597282e+00
4.508554575232352590e+00
3.356437228591793165e+00
2.827226860588877067e+00
2.692053142003353994e+00
-8.824492114754167726e-01
3.130413483854865841e+00
2.394013589652899121e+00
-1.231067002078245487e+01
-1.680111839926466066e+00
1.411915048174097187e+00
-4.738974010244258572e+00
2.221362527152543009e+00
8.812168986877724208e+00
1.171262094983354984e+01
1.402810288026215879e+01
1.601933169130874290e+01
1.792941663824890952e+01
1.945456857588664334e+01
1.995736792701881157e+01
1.888864582234093703e+01
1.901283356053253115e+01
1.674323396797480257e+01
1.643365749431415423e+01
1.375527966000369773e+01
1.146091945491531483e+01
-1.354956161418754235e+01
-1.822938660479055528e+01
-1.681985145310317264e+01
-5.572120891969553291e+00
1.178191158823876261e+00
4.061481533681029710e+00
1.989154506739222938e+01
1.989328832305727701e+01
1.746339190814225262e+01
1.862832205137409147e+01
1.816427785263533679e+01
1.329860792795001689e+00
-4.624221084582428531e+00
-1.845458345304801684e+00
1.876079656441640608e+01
1.919068735732395226e+01
1.710360086678513269e+01
9.834605091454214687e+00
1.925986988080601314e+00
-5.219028393520400044e+00
2.540433068636639202e+00
-4.237949057931217567e+00
-9.049968268504654745e+00
-8.011493785964846737e+00
-9.978921623859022816e+00
8.180513012464373901e+00
1.100701736706293588e+01
-1.416355948955249922e+01
-2.887241393420449890e-03
6.284503769670305218e+00
1.130683022872637444e+01
2.176455687127819161e+01
2.517307134143046454e+01
2.496410910587208676e+01
2.409212407658589328e+01
2.156303416781880955e+01
1.667054921262764466e+01
-1.922545226163327792e+00
2.643136356655718000e+00
1.254205104789460989e+01
1.714533325759112881e+00
-4.561138762008212666e+00
-6.291587090463322873e+00
-4.289529844149738480e+00
2.844629475666381468e-01
-1.814133036583336800e+00
2.689760072211930808e+00
8.720377539622470309e-01
-1.324525358148474607e+00
-6.187225017749564682e-01
-2.208754635958718282e+01
-2.172225627933001846e+01
-2.780756150370246260e+01
-2.696177820476798814e+01
-2.798722995426018656e+01
-2.534117056155286107e+01
-2.158982085820066743e+01
-1.519320183648818379e+01
-6.765989195964977831e+00
2.263890584339545597e+00
3.856007292068048375e+00
1.511343286019937171e+00
1.088019264973615385e+01
1.800240175990726854e+01
-6.863700083198803092e+00
8.270396307361064459e+00
8.037184286072207584e+00
7.190624899597455766e+00
4.142948258375706239e+00
1.224375084575073276e-03
3.188220017699476383e+00
2.724222311127063367e+00
1.599414547811441878e+00
-1.080659934957675761e+00
-1.753522329813164404e+01
2.453025770576633957e-01
-2.851228504287794951e+00
4.985570534996403014e-01
-2.864328413485817570e+00
7.018745225481847427e+00
9.307369826578824501e+00
1.219636434537507519e+01
1.441959958307373135e+01
1.638981439748902602e+01
1.825336306172319922e+01
1.962216555789391847e+01
1.928007449766704440e+01
1.880200033086861922e+01
1.812782827924520390e+01
1.624299444576858065e+01
1.561125018096170081e+01
1.504906541242925222e+01
7.210501934106984478e+00
4.394170488253783091e+00
-2.078880269894526478e+01
-1.487218878350667062e+01
-2.630586002526903222e+00
3.879648162573526182e+00
5.230683597989758127e+00
2.018979649352138139e+01
1.993294561921301167e+01
1.419545996598908211e+01
1.587754528952436139e+01
1.360976891063729965e+01
-3.322340035640039435e+00
-3.926283233124007843e+00
2.358892904274786151e+00
1.838786243333272807e+01
1.901020920311370332e+01
1.537629685956975756e+01
8.314675205099410604e+00
4.166561091072614187e-01
-4.240954402832199932e+00
7.945865166052967776e-01
-5.523213003736864302e+00
-7.858763017218239888e+00
-3.729574725973654914e+00
-5.572840062690735952e-01
1.435836359785766803e+01
8.578009369777685578e+00
-1.816562077845790668e+01
-3.044130417330414562e-01
7.283076652489182123e+00
1.499162482249177053e+01
2.267563527502397847e+01
2.525393110604444047e+01
2.489321763906666618e+01
2.371973476814120119e+01
2.081537173049707334e+01
1.545619904237960007e+01
1.064255993700108149e+00
8.560923926844298038e+00
8.649920733787471505e+00
-2.939943152764077916e-01
-7.562611024471435073e+00
-4.226353588611366341e+00
-2.845228659371695112e+00
1.604974047787708358e+00
3.776926634803980054e+00
3.726458464767971601e-01
9.428405333388232279e-01
-5.650190083727705037e+00
-6.023554076842808636e-01
-1.797155300313966109e+01
-2.493150074121618331e+01
-2.772374273954816104e+01
-2.664212707435399707e+01
-2.745136331841333188e+01
-2.460317978273760531e+01
-2.046184937281580929e+01
-1.386107884599372930e+01
-5.104723814684050787e+00
1.967637629537655752e-01
5.184746465480820632e+00
4.687307904586754503e+00
1.508566992509888038e+01
2.584908465979517445e+01
-5.014160290897947903e+00
8.554422211092970185e-01
4.466736292870749025e+00
1.923280295405810358e+00
3.430262566500686727e+00
9.161444045871325326e-01
7.224439717179058640e+00
4.168627905478233808e-01
1.091398966796436776e+00
6.840180816477075432e+00
-1.653654794875349054e+01
1.581696038273020744e+00
3.857666901596116915e+00
2.242153756324074099e+00
-3.952078178802621355e+00
9.946888991859452744e+00
1.004746677904181951e+01
1.270002418473636041e+01
1.484072984226040859e+01
1.679282294195623138e+01
1.858476477334537336e+01
1.976445774553121737e+01
1.921293076826542290e+01
1.832764050954000723e+01
1.800454846099574979e+01
1.652054351804654786e+01
1.580160772040937900e+01
1.518008194945083567e+01
4.250544540018186268e+00
-3.902453031959432384e+00
-2.103408597836303784e+01
-1.229840108714069302e+01
3.111421428879519890e+00
-1.333646179062703219e+00
-1.615875680490983068e+00
1.944668659453269299e+01
1.895160878268503524e+01
1.203542427570440054e+01
1.060067520111243944e+01
1.369574797317304160e+01
-5.373662065829541312e+00
1.818108617145420158e+00
1.873981907798097524e+01
1.756317264914363108e+01
1.938603259514492549e+01
1.407875582162408357e+01
6.727599822643306027e+00
-9.821840231462802828e-01
-5.585374706942108247e+00
-4.133819605390773866e-01
-7.341818894076464375e+00
-7.733724212645200602e+00
-1.157642687860197972e+00
-5.727903871990290163e+00
1.292952606726576903e+01
1.709478526932748377e+00
-1.500584558820969860e+01
-2.475074653073464415e+00
1.007655204138618110e+01
1.752683706966215738e+01
2.361044728657343583e+01
2.519394707351131402e+01
2.484539366975057817e+01
2.325950131933579712e+01
1.992059569657641305e+01
1.414567911730123484e+01
2.851457050685879846e+00
9.191947081943611764e+00
8.253224126510623648e+00
-2.134142124404244001e+00
-7.797143380929107082e+00
3.578012673089625006e-01
-6.586851143631902161e-01
2.571953257627688227e+00
4.403564861466815472e+00
2.900930036478693186e+00
5.990883089904887049e-01
2.021388996112178482e+00
-4.882036596460186395e+00
-1.967021648029593095e+01
-2.590091493496474229e+01
-2.795420926306190879e+01
-2.674802190753122844e+01
-2.719454367296400221e+01
-2.405496825912875281e+01
-1.940502838146866083e+01
-1.218867797598963776e+01
-3.298921138612630255e+00
3.558366752007181777e+00
4.641026380550833608e+00
7.449495940656426285e+00
7.704219756251482920e+00
3.350251990479224418e+01
6.250618358134820696e+00
2.628400545052099524e+00
7.166976898733897983e+00
5.270165935203973362e+00
2.938638414181358183e+00
2.786340251417823044e+00
3.761553943254697607e+00
2.985214434094735081e-01
-1.745645331219576879e-01
9.879698327595331619e+00
-1.207573714685172561e+01
-3.127476508847008230e+00
9.839789330930787115e-01
4.380370753298975295e+00
-4.009503207377341560e+00
8.231638044105176633e+00
1.068964058498406722e+01
1.318728454436427633e+01
1.523060050170330904e+01
1.715057524511812659e+01
1.884522462714860325e+01
1.981612279596437176e+01
1.870016422114926158e+01
1.814364061605995460e+01
1.800953897699641715e+01
1.685457214164085826e+01
1.425081442361801898e+01
1.473512243167290592e+01
2.698793570720058876e-01
-1.206075245076993596e+01
-1.975375339912996608e+01
-9.928296135149057733e+00
-9.835760338892038934e-01
5.021064183511524170e+00
3.300989068014963390e+00
1.867048524029654288e+01
1.845016620162412835e+01
9.999318029246268225e+00
1.165601467373466704e+01
9.964737098992246800e+00
-5.373699433069274001e+00
-4.902161016213746336e+00
1.453804975600120741e+01
1.705112182707556912e+01
1.995651865688149229e+01
1.330616414336700082e+01
