# z [pc] 550myr: 
1.500000000000000000e+01
-6.164507247665913070e+00
1.906510354051615286e+00
6.767075188828362009e+00
1.095861953458475746e+01
1.559400446051465217e+01
1.040877758194999991e+01
1.912408838717699311e+01
1.343195407994488910e+01
-3.730397917608079261e+00
-1.946732696426013431e+00
-6.971336278634272965e+00
-5.945513645980614825e+00
-2.462178684944422713e+00
-4.153665720840447939e+00
-2.968717075131833028e+00
-4.603923398941881295e+00
-4.657611323130177006e+00
-7.180146887431209102e+00
-9.696192478996547237e+00
-9.915111866801661122e+00
-3.176791306006609084e+00
-3.855823376482479858e+00
-3.435945514543873980e+00
-4.333388603399729533e+00
2.973888248582397420e+00
9.295976429685868681e+00
7.728203202266403338e+00
-1.854286167530874163e+00
6.441602725274334418e+00
4.885396324823218173e+00
3.634815468809281747e+00
-5.789444434778991955e+00
-2.801101317773796673e+00
2.581697468030221376e+00
7.247120446445397546e-01
2.324853664922433616e+00
-1.196979545474777806e+00
2.429536798401494835e+00
-2.266699475543067166e+00
-5.590354907759202518e+00
-7.738810939065676742e+00
-5.275876129252437430e+00
-6.721711598870748761e-01
7.737887289481587771e+00
1.032909148533591015e+01
1.270057048531515065e+01
3.035188559775972017e-01
-1.428937272647677004e+00
-1.210596967035524152e+01
-6.820252093359675527e-01
-2.847726206427247053e+00
4.235437879173759690e+00
6.033101805988864363e+00
2.659547928330070476e+00
-7.808267412269833230e+00
4.705579181570650249e+00
6.209615480015086675e+00
-1.899787208065571109e+00
-6.212143898672444209e+00
-4.649422439975186450e+00
1.418724121482183742e+00
3.821472750066359225e+00
-1.147505709344293301e+01
-1.079697109728171966e+01
-1.195498640394315970e+01
-2.859590873367463093e+00
-7.918830354199474009e+00
-1.625316875679016704e+01
-2.425816418418079223e+01
-3.098528079341188146e+01
-2.666471909653521521e+01
-2.759977591462294555e+01
-2.936087864449722673e+01
-3.675035400300987476e+01
-4.388768202374033933e+01
-3.452268453033902773e+01
-3.907961358500241289e+01
-2.716757813166094593e+01
-3.001311162989553338e+01
-2.169422794350334982e+01
-1.535060270258422221e+01
-1.122691106011466822e+01
4.377303386742050328e+00
-2.462317158395964967e+01
-2.626711857296116293e+01
-3.234479942956583187e+01
-2.888486135802349963e+01
-3.091094653480210397e+01
-3.648477989551182077e+01
-3.103139717534977038e+01
-1.976604134939588775e+01
-1.265999688978612348e+01
-3.126292854494645113e+01
-4.950550899296075613e+00
2.439699739567979364e+00
7.302877000759600890e+00
1.236893905063967658e+01
1.752599416922817710e+01
2.061928398194683254e+01
1.024178943681904563e+01
1.250292886442072238e+01
-5.029658437411672622e+00
6.445131728763060508e-01
-8.936950813045624997e+00
-5.567482456849711880e+00
-2.002473552675501534e+00
-4.730543927552975703e+00
-2.982807653190306052e+00
-4.100866584149672533e+00
-4.456446213872252038e+00
-7.786796494864621110e+00
-1.005126870214025203e+01
-9.896685885578360597e+00
-3.796134844198966629e+00
-4.250661822531279554e+00
-4.763672805643582642e+00
-7.640766960616957704e+00
5.602105784503935482e+00
9.038408147915562907e+00
6.199091726854524254e+00
-5.389988031421915515e+00
-1.984765629482290850e+00
5.151447931073617426e+00
3.689572905013352333e+00
-3.045037589453507110e+00
-3.437185492035496726e+00
2.207717459842559737e+00
7.569840492389172670e-01
2.539587300771453560e+00
-8.652007235286485187e-01
1.349588448384235084e+00
-3.130157223948959011e+00
-6.760426623644742783e+00
-7.954412738467625310e+00
-4.378285842527862570e+00
6.981883552858053621e-01
7.784549911398736199e+00
9.738848912491320675e+00
1.016880140194119342e+01
-1.039809269257019553e+00
-2.929597867705178604e+00
5.852990151711132683e+00
-2.353492996746305632e+00
-1.327243014043913405e+01
3.418015530548390579e+00
6.253971147721896884e+00
6.117285845878584816e+00
-1.353045842529754517e-01
9.014376948956806856e+00
3.814328551989052407e+00
-2.329634534605561136e+00
-5.211799298300200611e+00
-5.245510991459085837e+00
3.757307636003965445e+00
3.541474543267304931e+00
-1.198239142186696071e+01
-1.229672721456226014e+01
-1.083999327255660461e+01
-1.358112518870215624e+01
-9.983847006138834246e+00
-1.827326514406206925e+01
-2.993463652177501189e+01
-2.498653021551219311e+01
-2.405619702408866800e+01
-2.830659942683857011e+01
-3.100916550930729088e+01
-3.716257143522699380e+01
-4.274086317719883255e+01
-3.531809387067099948e+01
-3.788548196347091590e+01
-3.337136659104868386e+01
-2.839594355658367419e+01
-1.979244252667819026e+01
-1.453010994169468439e+01
-1.066619101450851304e+01
1.018177422055196041e-01
-2.997223904000472317e+01
-2.865025313803503337e+01
-3.280093049293225960e+01
-3.121783194765642477e+01
-2.927595645138390523e+01
-3.565004763346478711e+01
-2.717423023998199838e+01
-2.580465950602568981e+01
-9.917177444243288065e+00
-3.003656832607642713e+01
-2.323010591179687001e+00
7.052405524404075088e+00
8.770756473442002488e+00
1.320341212105461182e+01
1.752273119032771120e+01
1.199606469388889352e+01
1.096536465195544530e+01
1.072464071253521034e+01
-6.538418968050805802e+00
8.750311706315113680e-01
-7.709222261970253065e+00
-2.179484242763548796e+00
-1.823688731290384668e+00
-3.340233809156900158e+00
-4.706112159755876156e+00
-4.247548505789114692e+00
-4.984197611200290368e+00
-8.688010623291939183e+00
-1.037074388432867700e+01
-9.367793102835070940e+00
-3.603728313614927292e-01
-3.316022541050478445e+00
-5.353609351088548074e+00
-3.449616344447243854e+00
5.850402100191669952e+00
7.120410229699486671e+00
3.291322140002953756e+00
1.460483294946403499e+00
3.270436963783804440e+00
4.486384178904891940e+00
3.329185000100415959e+00
-5.203604785990033399e+00
-1.570651804162479070e+00
-5.419418628431262874e-01
1.550625480387924249e+00
-2.866733065856524876e-01
-6.240333843021345084e-01
9.011770439359748641e-01
-4.293143784757166515e+00
-6.990222842756322663e+00
-7.694492838613669505e+00
-2.039425198743983536e+00
2.921597027548759495e+00
9.088317372825704510e+00
1.023786981711279687e+01
3.219092017584692100e-01
4.927300713855757408e+00
-7.084189750044294520e+00
-1.129870068644322778e+01
3.555626128352207260e+00
-1.552716812076237041e+01
4.794179052304502697e+00
3.458973654151827670e+00
1.740702447731722113e+00
5.962526990867441867e+00
1.016027359233057581e+01
3.419558406436104647e+00
-4.602928855063433744e+00
-4.552427126166703530e+00
-4.225863770153511112e+00
3.875838955570089617e+00
3.520607087485874143e+00
-8.592832516307401747e+00
-6.404066496708902712e+00
-8.509103356880231672e+00
-1.365289746275102623e+01
-1.723590415108894902e+01
-2.146964106521561888e+01
-3.249295158916118709e+01
-2.230920613666905084e+01
-3.074050830896606357e+01
-2.927789329095288196e+01
-3.239159205890516091e+01
-3.950203278331932921e+01
-3.778848941606142375e+01
-3.903107818868777201e+01
-3.551626017610097108e+01
-3.344816285493738661e+01
-2.597216418273455929e+01
-1.848697432109909045e+01
-1.370882752961710516e+01
-1.110347373974478202e+01
-6.567859830097818596e-01
-3.160199670420479734e+01
-3.126256624305867859e+01
-3.075867153650856878e+01
-3.583028792040212807e+01
-2.952534703694959362e+01
-2.930340159129029232e+01
-2.575562956428049333e+01
-1.979102737659459876e+01
1.015947474813802681e-01
-2.783053828111660977e+01
-3.050018484677753938e-01
2.532057866446658423e+00
1.025127665662563103e+01
1.517050501141616259e+01
2.125735825200524332e+01
7.429172534756869339e+00
-3.812968187099909301e+01
7.005815878284097131e+00
-2.572653348965981746e+00
1.199070393023451508e+01
-5.357473811601477287e+00
-3.299235485724284711e+00
-2.667259593955780606e+00
-3.642202974379755265e+00
-4.674280049701439843e+00
-4.257999410039438715e+00
-5.564404748163070735e+00
-9.170761501082987266e+00
-1.037709392109443840e+01
-8.545743633360057601e+00
-5.540548055208470046e+00
-1.273236610422697090e+00
-5.487994403774157703e+00
-2.416809937362509153e+00
8.652563806831931714e+00
7.376060842818993102e+00
-6.185584731088095145e-01
3.484581926228345505e+00
7.012918443076506136e+00
-4.256456009214809377e+00
3.262227952101719453e+00
-7.095397351796759899e+00
-1.369010935740740675e-01
-9.708345305880874965e-02
1.028756894644891728e+00
-6.249733196587602402e-01
4.651343086204873245e-01
7.083297917280585443e-01
-5.372810765888633711e+00
-7.698020889393467847e+00
-7.542837417882963358e+00
-1.187579945422898353e+00
5.994151560557873459e+00
1.033142216651123491e+01
1.071492121730533142e+01
4.484676818657741926e+00
-1.382890141803463813e+01
-2.828474104026846181e+00
7.753306407916550347e-01
7.811524528648286392e+00
-1.251209727789921544e+01
8.374814294473239329e+00
6.978487061840029426e+00
9.349944804629268802e+00
-2.482905228118257757e+00
-7.010055652281808047e-01
1.224548553485393931e-01
9.962946766921392250e-01
-6.080740824350352902e+00
-3.595060137914861453e+00
4.657863508274727948e+00
3.441159674864839868e+00
-1.320958277554222526e+01
-1.247612578943333084e+01
-1.195026793953691424e+01
1.650081888425552812e+00
-1.201043606569108135e+01
-2.320547903804222400e+01
-3.085693788648384128e+01
-2.564358277061214153e+01
-3.000424692399544213e+01
-2.937146123361065264e+01
-3.361747872871045928e+01
-4.393067082382093247e+01
-3.435542203258928140e+01
-3.992894257732919527e+01
-3.495058785207727681e+01
-3.198560874349420047e+01
-2.312953460541730877e+01
-1.301861289227650076e+01
-1.448257446543501281e+01
-1.310467802822418903e+01
-1.748955490037599247e+01
-2.102604777409374748e+01
-3.271211222302063959e+01
-2.932358727430248990e+01
-3.532428151687218332e+01
-3.062085867692632846e+01
-2.118869287894386844e+01
-2.793730675561970855e+01
-2.777019601401401161e+01
-6.409880035810221699e+00
-2.131999740341297667e+01
1.203912467790926755e+00
6.349140176159915328e+00
1.048239736356230800e+01
1.556672074345829593e+01
1.706908890651293120e+01
1.433167375891855322e+01
1.733840356188357035e+01
-2.965921847485652574e+00
3.982936571545880183e-02
8.213743966219093195e+00
-6.719045525573790201e+00
2.062050724295782789e-01
-3.249918050164072536e+00
-2.792339566214095736e+00
-4.686449072191359200e+00
-4.522411739594785374e+00
-6.358090086995882295e+00
-9.556270203818641562e+00
-1.034987703278819993e+01
-7.630160335198410415e+00
-5.279894009119864506e+00
-4.119854549366202434e+00
-5.487289280009604475e+00
7.070258797039156162e-01
8.995245767381950586e+00
5.371490679982811933e+00
-1.693222299600573688e+00
6.354583222796514885e-01
-1.067055867767936039e+00
-1.018308524934583570e+00
3.562593227590360012e+00
-3.125160875275011296e+00
1.377360185716396401e+00
1.943063551963394753e+00
-2.250137013689862409e-01
-8.727217660664990384e-02
1.144851185805242366e+00
-5.736844809356167474e-01
-5.020112334971202905e+00
-7.120790555536101962e+00
-6.413367873574939537e+00
-1.420338473774324761e+00
7.011283433123259634e+00
1.001557813219207382e+01
1.117994562795553648e+01
5.609202139655126373e+00
4.385149881055080634e+00
-7.258657696925040703e+00
-1.609295359002118397e+00
2.850731201706068418e+00
-8.250108132526397853e+00
6.489407839196592143e+00
-2.833475077653513363e+00
-6.508113200740614168e+00
-4.689080289857427530e+00
5.980210311513927124e+00
-3.899476882793969867e+00
-4.385956359124394410e+00
-1.301525881914767258e+00
-9.631482016550615421e-01
3.983664207890251330e+00
3.641857377256723094e+00
-1.137315111270741319e+01
-1.562500736313893590e+01
-1.918041332179856795e+01
-1.453542428746047044e+01
-1.331279102634622902e+01
-2.296627087404419498e+01
-3.211047740917423710e+01
-2.657466378556249964e+01
-2.816795350346249194e+01
-2.960406485190966919e+01
-3.458041976454572364e+01
-4.429747607468697623e+01
-3.398390134452763078e+01
-4.005497085468158502e+01
-3.204606183211132731e+01
-2.810729174266550956e+01
-2.268710021891293849e+01
-1.668185293528647506e+01
-1.225376568075148320e+01
-1.095506620100858619e+01
-2.124084678419637129e+01
-2.036486586266772747e+01
-3.199722326365563418e+01
-2.954386895781946265e+01
-3.242926844746192927e+01
-2.888840708048330441e+01
-2.825130809297664314e+01
-1.945714885967421282e+01
-1.778761026833471348e+01
6.012165212983096474e+00
-3.075072957640325555e+01
-8.745607640406801053e+00
-1.105618248567239004e+00
8.537733933212416915e+00
1.006419371172101407e+01
1.479958795962867057e+01
2.206328921945399912e+01
5.245540272461195030e+00
-2.051354441317226573e+01
2.810269804908809288e+00
-4.505696846539921196e+00
1.025897464678160809e+01
-4.725968329045832306e+00
-1.888731479609317976e+00
-1.282859382436180029e+00
-2.264783072589831914e+00
-3.263924507718956924e+00
-3.694586525925500631e+00
-6.443451416608607651e+00
-9.608054999895660586e+00
-1.095673352932224986e+01
-4.959509442784074906e+00
-5.867483961470506770e+00
-1.809688311707027486e+00
-6.893244514243264121e+00
-4.032856726882898535e+00
3.821353594177139268e+00
5.436391393017558915e-01
-2.136514540072709245e+00
2.683069954239025279e+00
6.527246843801775000e+00
3.115165320176369157e+00
-1.003282372725620952e+01
-3.349825144298170798e+00
4.050530455169387700e+00
7.237596817227949231e+00
2.902682295472191587e+00
1.316391038220181997e+00
2.461093911214227159e+00
-1.304794355907163306e+00
-5.402985569301698376e+00
-8.315788290402883476e+00
-7.581983507876704387e+00
-1.019816898076294276e+00
7.877635419385693893e+00
9.000400598875323510e+00
1.149488045089406896e+01
6.457929242753640331e+00
-1.581065607963194886e+01
2.904227593057912227e+00
9.181779594608604489e-01
8.955670302554029405e+00
3.520006923388022679e-01
6.391754199144821236e+00
3.529488501918733423e+00
8.370308221699652051e+00
-5.195985879470423896e+00
-3.302817448095113129e+00
-6.562289566789267781e+00
-3.833348183816854160e+00
-5.486578705836299363e+00
-2.961147798977966872e+00
3.416024322252801948e+00
-1.320107316241796447e+01
-1.385523514359081965e+01
-1.540432046788286158e+01
-1.579185500803722242e+01
-5.099928659526129060e+00
-1.329419307228669567e+01
-2.552636586939341612e+01
-2.078553248095977324e+01
-2.561833483450334725e+01
-1.198739679586876328e+01
-3.031637757556685386e+01
-3.427227014087067403e+01
-4.383416166477464770e+01
-3.571650163938658551e+01
-4.104944872065529893e+01
-3.344910535994088008e+01
-2.734528665138078907e+01
-1.899082327439406370e+01
-1.716468962962144573e+01
-1.400195068293695400e+01
-1.477169392493711708e+00
-1.694158620141112337e+01
-2.768857275654057304e+01
-3.341538281030210555e+01
-3.343263753954259698e+01
-3.360548222523532047e+01
-2.853361433738938047e+01
-2.047683608081788620e+01
-2.767076985516333920e+01
-2.352353760621362255e+01
-2.127297060606891677e+01
-7.563006728043662363e+00
-5.663896078355284969e-01
8.514196391472433234e+00
1.028382287592896205e+01
1.551812016483157564e+01
2.048283108654588602e+01
1.456208014079081003e+01
2.065098092633296289e+01
-5.391477980881689724e+00
-2.733809657253386316e+00
-6.092526404815771457e+00
-4.802505922031505392e+00
-1.677107446149560088e+00
-2.077111192488287461e+00
-2.288457727353407467e+00
-3.411048712346743450e+00
-3.871397270317554540e+00
-7.241793574902510855e+00
-9.938498871042897420e+00
-1.087816276409039418e+01
-4.155400417426035276e+00
-3.944696713182417103e+00
-5.689976608691122983e+00
-6.863552376012310496e+00
7.206633897880991568e-02
5.138458085831858035e+00
1.755925497072386987e+00
-1.538237870386324646e+00
3.790215490967178802e+00
3.152099906808392138e+00
3.485605807700459025e+00
-8.393939854536554890e+00
-1.690373919625558718e+00
3.221770370200781830e+00
3.284121094036636102e+00
3.475512599469482655e+00
1.221943885032972910e+00
7.371485008424125684e-01
-2.186112022507671337e+00
-5.942538461519625059e+00
-7.547334501714733968e+00
-6.278704536739696529e+00
-7.077583879216273743e-01
7.389877807292292822e+00
9.771197901505736638e+00
1.098719634102585552e+01
8.499186234623794078e+00
5.762190929592466482e+00
-1.222212137156247458e+01
-6.356536976396075511e-01
4.664079861829514506e+00
-1.487175550530317913e+00
6.044529488474910117e+00
-2.386271782381143236e+00
-2.484773976023988418e+00
-1.083218339871301117e+00
1.416184626980511618e+00
-8.038173169587929934e+00
-3.076270047756002768e+00
-5.368033715713272258e+00
-2.042757871779306011e-01
3.237863824731041174e+00
-1.123309916269411346e+01
-1.247434139124351660e+01
-1.493299204357842669e+01
-1.911071578442832930e+01
-1.360930437130831194e+01
-1.794481393647451739e+01
-2.488141288726088618e+01
-2.821210574429407103e+01
-2.692199613462469543e+01
-2.368393815175419803e+01
-2.794880205380805194e+01
-3.631018362415911582e+01
-4.409187557817207903e+01
-3.608956954991144528e+01
-3.926128070773494727e+01
-3.193246193482392670e+01
-2.719478253010130686e+01
-2.036090246721824215e+01
-1.467318297680899342e+01
-1.136948714064750554e+01
1.385195932388816509e+01
-2.512059556639112401e+01
-2.164266640733928071e+01
-3.411258415900555718e+01
-3.284011893566543705e+01
-3.315558117228190582e+01
-2.558181544676895669e+01
-2.656731129930436452e+01
-1.662390021439994214e+01
-7.535762143301027116e+00
-2.650154974976770461e+01
-5.723149164402756561e+00
6.903329730485802118e-01
8.563573453700973559e+00
1.129954685811209636e+01
1.678509841279344172e+01
1.856451842713899580e+01
2.149091302872261267e+01
1.471591554578574623e+01
-5.720067930546880675e+00
-2.730886208042353047e+00
-1.064011560379214139e+01
-4.080998228398988736e+00
-9.222767753933357460e-01
-3.104025518984338206e+00
-2.881679902763996104e+00
-2.262867465619289309e+00
-4.292495015071517095e+00
-8.006428587777756789e+00
-1.017117540772744277e+01
-1.038059111056036521e+01
-2.978324195951276288e+00
-4.046371042163954712e+00
-5.417131034846797810e+00
-6.155299971290644656e+00
2.201733977892204486e+00
5.388411002160125918e+00
5.920437853858590671e+00
-3.277461795080080620e+00
5.792884956684887676e+00
6.936075182572595033e+00
3.856345747655523404e+00
-8.673219684379116501e+00
8.587204031993065367e-01
4.289343356873735580e+00
2.246805986420678636e+00
2.929038212804938812e+00
1.560276160939451540e+00
2.229985117750293178e+00
-3.326477594389806391e+00
-6.486032385722402260e+00
-7.693591763896550084e+00
-5.356303814308644995e+00
2.656730868916667987e+00
7.062667647103355151e+00
1.033930014259355090e+01
1.434332030159065319e+01
2.534199555078133326e+00
-1.274336813809036073e+00
-1.429283704397131416e+01
7.297447908106563519e-02
-4.294503264396677622e+00
1.474067655282426559e+00
8.334395748668104176e+00
-8.409071192929729044e-01
7.457970124500263864e+00
3.594345403451726817e+00
-3.050418374218824002e-01
-1.065334951863247559e+00
-8.037420539365674799e+00
-5.213053275419089694e+00
-1.752897050759147923e+00
3.195072795825872447e+00
-1.167416988188149674e+01
-1.058184744593818394e+01
-8.769512450646608670e+00
-4.177327869423026918e+00
-1.100881374748669828e+01
-1.968980066929820438e+01
-2.978877318925834672e+01
-2.831496133754566813e+01
-2.687016347529265659e+01
-2.718149143386127875e+01
-3.043850139241528296e+01
-3.694091449665658899e+01
-4.526758062714193898e+01
-3.591877393582663558e+01
-3.785769089776357532e+01
-3.760239794700642335e+01
-2.742869261050147855e+01
-1.987232164185913064e+01
-1.329815150492623665e+01
-1.460794040620624479e+01
8.067211956562422515e+00
-2.849343990982227481e+01
-2.665537015025647349e+01
-3.372235373941766312e+01
-3.200348912908371091e+01
-3.059987824944470702e+01
-3.792537991683335719e+01
-2.445202610238624530e+01
-2.471680194292237687e+01
-3.252270938329552941e+00
-3.065736432180054294e+01
-9.510629345313513783e-01
2.731703543252067323e+00
8.871594450405535071e+00
1.226607909036523658e+01
1.817986610627517763e+01
2.404430623579174409e+01
1.385792855032220672e+01
1.697381782872625777e+01
-8.912278969819803720e+00
-2.412582987994492667e-01
-4.289691638849608246e+00
-3.253440967017418473e+00
4.712236683767790923e-01
-2.373117059193792677e+00
-2.832046467807697088e+00
-3.172287462746764319e+00
-4.670125766232446907e+00
-8.412263986951858286e+00
-1.048984960558233759e+01
-1.027586270513255329e+01
-3.660566040334648719e+00
-6.205414857745736867e+00
-5.424307310559187911e+00
-9.343129828644860524e+00
2.992659486330345953e+00
5.809181769715284993e+00
7.373020063727344642e+00
-5.241703225714887004e+00
7.019059187804433941e-01
-6.892978733947798808e+00
3.885880652241966882e+00
-6.662017046510482210e+00
1.241336443048325577e+00
1.970486270218970271e+00
2.955570499761897896e+00
1.206679690050427745e+00
1.714370435960241634e+00
1.354063113224390991e+00
-4.117754556204861416e+00
-7.294631452745286460e+00
-8.468332241896472823e+00
-4.772725958144564906e+00
2.781081578845154390e+00
8.021007002296601129e+00
8.648463066761948426e+00
1.229760161981660005e+01
-1.066520128466548999e-02
-1.011989677164411638e+01
4.524363313115818741e+00
-1.648417407767190257e+00
-1.216551283855154253e+01
4.996056254673870711e+00
4.376737616710107304e+00
6.814738144518231344e+00
-6.253694001466072017e+00
8.215264838115992063e+00
1.985020823350613473e+00
9.319251222034167226e-01
-5.762286312745549921e+00
-7.595554804895573220e+00
-2.263101595209680017e+00
3.511238208486681334e+00
-1.141753506864258405e+01
-1.103970602833193304e+01
-1.043136167236513501e+01
-1.107013162648918581e+01
-1.414502465523928443e+01
-2.169921998504037930e+01
-3.262655964154635058e+01
-2.636378507725477149e+01
-2.054913392776095904e+01
-2.887580556654251751e+01
-3.245407025142768020e+01
-3.856474888464192929e+01
-4.065937314367217681e+01
-3.937198054018691096e+01
-3.593179114009424069e+01
-3.682462265555963654e+01
-2.602996084265932808e+01
-1.823261689372413485e+01
-1.294326123828195563e+01
-1.153817641581038167e+01
8.933939506405994990e+00
-3.074921793480291043e+01
-3.007398603498304723e+01
-3.208212124566101409e+01
-2.897968049808582691e+01
-2.907992000526490628e+01
-3.564607380767743905e+01
-2.203293265069066464e+01
-2.025426088205030339e+01
-2.690711295570656983e-02
-3.032896234968068327e+01
-2.074099306759523920e+00
6.356717534691131988e+00
9.169990987104112534e+00
1.336133717720959524e+01
1.897450093087057610e+01
1.329466473235929058e+01
1.432052592463948137e+01
1.588930439145219431e+01
1.284112121760984548e+00
1.166232881688835299e+01
-4.938602656899671928e+00
-2.242714453515572970e+00
-1.171210031034548127e+00
-1.819443478703900663e+00
-2.764036718306356555e+00
-3.299473140198157850e+00
-5.500118684275650871e+00
-9.145367256714605375e+00
-1.083904678699667201e+01
-9.527056251550764188e+00
-7.904849712690779739e+00
-4.649827316849766135e+00
-7.683203312148944697e+00
-4.642425012330628320e+00
3.417489508448532387e+00
6.511878945841769628e+00
5.503909441935232044e-02
2.578111016276122047e+00
7.302730604259447311e+00
-6.447907020052620730e+00
2.967882266797404078e+00
-5.207357421320762292e+00
1.030000745459112244e+00
1.571906259829900288e+00
2.571674895601868016e+00
9.468289823841949948e-01
1.837870225486786913e+00
4.511128598314143728e-02
-4.801834476218303394e+00
-7.719521949596980903e+00
-8.132952191592066171e+00
-2.318320908036740402e+00
4.568272601106626141e+00
8.904224534739645591e+00
1.144248973722035778e+01
1.035833441610247263e+01
-7.959841393312238722e+00
-4.707074481919740094e+00
4.819164757743442884e+00
4.635642031093955673e+00
-1.403359919780245413e+01
6.485987960644611583e+00
5.183597756306674853e+00
4.679941398583689960e+00
4.540419086781078306e+00
9.803957806981181022e+00
4.276563025142819940e-01
-6.032589678718511372e+00
-6.665543542287945655e+00
-3.809301987878371598e+00
-1.151278102668136016e+00
3.223119737545040220e+00
-8.747001888796635427e+00
-4.045913078955323705e+00
-5.389535608572482595e+00
-1.730377842253711052e+01
-1.976065146535718853e+01
-2.452519943994255414e+01
-3.862394408447430294e+01
-2.580164614128958789e+01
-1.939588871640612666e+01
-2.966025112860537405e+01
-3.366785696847057352e+01
-4.302687985205376719e+01
-3.571286658015679194e+01
-4.117657934453566781e+01
-3.489028558805669178e+01
-3.074340930424802565e+01
-2.348909782812560465e+01
-1.707945330434390740e+01
-1.255428850179472278e+01
-1.063481456020559435e+01
-5.005016727739165283e+00
-3.154021287903203685e+01
-3.230204269102552672e+01
-3.072331358274852064e+01
-3.379413558469558865e+01
-2.980090828853086293e+01
-3.343600285075532241e+01
-2.736198802361142768e+01
-1.295736171993313413e+01
-4.332605346928585277e+01
-2.849300231874354594e+01
-1.037543720687600057e+01
-1.259667932940031143e+01
4.249484221930844186e+00
8.053238446363661041e+00
1.210420275320183947e+01
1.932059409533155403e+01
2.336044308538925307e+01
1.765173760813733850e+01
1.728801932553046683e+01
-8.658287171019095396e+00
5.031449765308291688e+00
-4.833314113138777124e+00
-8.890537551209399814e-01
4.983191029705070219e-01
-1.199223857561690920e+00
-1.417713976819264365e+00
-2.752084753189766086e+00
-5.502438985920213632e+00
-8.855428787574350480e+00
-1.094222789406869900e+01
-4.701090934152241552e+00
-6.841337880877861544e+00
-8.559953657207167055e+00
-6.276914876951889433e+00
-1.071664229605729624e+01
-2.056870795746236880e+00
5.841835675287886609e+00
6.100402134340449756e+00
-4.598220426781467474e+00
3.897885286370752045e+00
3.427894629877417998e+00
-1.330296886739993134e+01
-6.657340524787082714e+00
2.411997267298445546e+00
3.534105124753196048e+00
4.062203285525714413e+00
2.379739460806856943e+00
3.389776197310591321e+00
1.549448162872807400e-01
-4.452005787348456423e+00
-7.818500576185816620e+00
-8.707652842410553262e+00
-3.312365930877263942e+00
1.801374550709997413e+00
7.208730182234331707e+00
1.111105094430122442e+01
1.362481538953122318e+01
4.144345123023214679e-03
-5.137373857749581996e-01
8.205252749854299310e+00
-6.715144460653246217e-01
-4.642108491242622037e+00
5.050070981002196646e+00
4.622063722123900931e+00
6.552371907467707146e+00
5.398998217145901890e+00
6.296921318699117087e+00
2.054049134324443138e+00
-5.050850255738136063e+00
-8.287911333875333852e+00
-4.046776396387238073e+00
3.446571288799829880e+00
-1.115228831890961558e+01
-1.127993652121956281e+01
-1.152277877528476324e+01
-1.121055176153735822e+01
-1.315700044922375689e+01
-1.657147180549182863e+01
-2.483511810885372739e+01
-3.481062005492201195e+01
-2.771673887195218100e+01
-2.172134107537961611e+01
-2.840767212228377048e+01
-3.167154370523038409e+01
-4.593653730126771251e+01
-2.939947658859791346e+01
-4.605551255859789705e+01
-3.671835105191676973e+01
-3.047314724839917943e+01
-2.294289166268282543e+01
-1.650888682386774065e+01
-1.228197179013483797e+01
1.176797957432999731e+01
-2.868174463838418564e+00
-3.050588129087042688e+01
-3.086508815119658777e+01
-3.141252001474455469e+01
-3.535622639970252123e+01
-3.014438864023001940e+01
-3.192051892230936971e+01
-2.667701744121073659e+01
-1.514603641323192029e+01
-3.040625080978483297e+01
-8.413260915022441111e+00
-2.353195748848955215e+00
4.836590906544906865e+00
8.807218371619164543e+00
1.358779493351172185e+01
1.992174843055412481e+01
1.832493557129948414e+01
2.056688666294873613e+01
2.592862970044080839e+00
-7.426631878282562660e+00
1.712679979407748831e+01
-6.293912893423814658e+00
-8.492453235276635759e-01
-1.710082607581224767e+00
-1.231157579243600697e+00
-1.884183572888359803e+00
-2.999607221390620637e+00
-6.391808055635755714e+00
-9.563052420196408221e+00
-1.115918255233963663e+01
-5.016016715921717051e+00
-3.227046166371356328e+00
-4.850958795068422980e+00
-1.122236922654772329e+01
-5.284665424246989041e+00
-5.755346839649252422e-01
7.433234982756519393e+00
7.200135265686599340e+00
1.373088121813094142e+00
5.024806685305604148e+00
3.059647407931469942e+00
-1.315833119034639331e+01
-4.574099120163887200e+00
2.649055706721436199e+00
3.011413075973382369e+00
3.719814681355873009e+00
2.181046859071599009e+00
2.898948634455927653e+00
-1.096797153832911098e+00
-5.284869545503226185e+00
-8.288231423125253627e+00
-7.885576286326414497e+00
-1.911908541852183063e+00
3.529573867931879771e+00
7.955064882574315099e+00
1.183042939000161731e+01
1.244146297029262627e+01
-6.791057691001968877e+00
-6.339866235042361353e+00
8.057529762896168180e+00
7.938397946444642805e+00
-4.613809061750909102e+00
5.989594340373517234e+00
2.898537524072890559e+00
4.133484427437302600e+00
3.708832474444682337e+00
8.825213088094571390e+00
6.075124865378636052e-01
-8.358834679259597777e+00
-7.095058823271916282e+00
-3.024943399790847920e+00
2.826727611575998278e+00
-9.888592875758504874e+00
-8.395010771285527085e+00
-3.186640927490759445e+00
-2.549744333042904376e+00
-2.085640293390222766e+01
-2.250822343287820360e+01
-2.693516232030068736e+01
-3.296361322472835553e+01
-2.565622439798788434e+01
-2.399742751960095788e+01
-3.080201260033924271e+01
-3.444957898438275379e+01
-4.000192708462028435e+01
-3.647330268088682459e+01
-4.489763922996336731e+01
-3.395100902372262652e+01
-2.639909294471254242e+01
-2.150535582268432577e+01
-1.517619090421019301e+01
-1.148615972571530719e+01
1.116062101329323042e+01
-1.245341502294907876e+01
-2.807856739184568795e+01
-3.275223994395340554e+01
-3.514850085555413273e+01
-3.306826345907088438e+01
-2.995457924049755505e+01
-3.037120783329217844e+01
-3.341588464549091952e+01
-8.040583846228649634e+00
-2.862127301208814245e+01
-8.341589819510298653e+00
-7.106756169325538774e-01
7.780560843821639594e+00
8.729935061261970830e+00
1.485127940480827569e+01
2.382936188909696895e+01
1.859753835581734194e+01
3.535902349271216494e+00
-1.647267356562912566e-01
-6.737859243145143395e+00
2.420685417997694877e+00
-5.770542080838326982e+00
-4.398945260010470593e-01
-2.313467862582726797e-01
-1.775682626409866849e+00
-1.687443354324244638e+00
-3.441045371557037047e+00
-7.101440587928703252e+00
-9.755952125522989959e+00
-1.120315198570043336e+01
-3.205555437738953906e+00
-4.569233886834160430e+00
-6.374610436250221390e+00
-7.185248070889457495e+00
-4.691314458681113742e+00
-8.150876737427831253e-02
7.292910356222935819e-01
-2.682108506361729372e+00
-9.221499141036998415e-01
2.853684613003942161e+00
3.046136479320018076e+00
-6.240859476560157049e+00
-2.224343216904356435e+00
3.996279297264143882e+00
4.432174935052008991e+00
3.048110340571183130e+00
3.018430749209322972e+00
2.809005044436274190e+00
-2.162059677257465840e+00
-6.118679983520801891e+00
-8.805352457494983298e+00
-7.311453943068119798e+00
-3.088070033554832339e+00
6.328617674542261540e+00
8.840369411918835851e+00
1.205541098028747093e+01
1.089678896246315531e+01
5.852827243400672508e+00
-7.164963680231596577e+00
-6.140374204096967770e-01
2.824812340990312975e+00
-2.529881808263949594e-01
4.683227997469205484e+00
-8.869379053951406133e-01
1.101092159086549493e+01
-9.274373162681564864e+00
-4.107298797917961153e+00
5.126492780641871860e+00
-7.946070999159809745e+00
-1.003804931699230352e+01
-2.714348120351328664e+00
2.909582700996196980e+00
-1.223740576330227903e+01
-1.474603144408096256e+01
-1.881409911361433629e+01
-1.930320155140974592e+01
-1.293138521905560978e+01
-1.779953917613135417e+01
-2.921343224042869124e+01
-2.320513196922744825e+01
-2.767381581058576501e+01
-1.940511195905589759e+01
-3.142229278605032761e+01
-3.654133329724199797e+01
-3.933498080727940049e+01
-4.069891078902691817e+01
-4.108893088601613641e+01
-3.309108969189338723e+01
-2.620699585759564343e+01
-1.977260158816970659e+01
-1.439189577696348721e+01
-1.206935907989553414e+01
6.679546537538228357e+00
-2.410121742071748940e+01
-2.920974070001494738e+01
-3.474043885593499681e+01
-3.500794302824809279e+01
-3.251229492996544224e+01
-2.543725860180713738e+01
-1.708172888726277705e+01
-2.437502887165201315e+01
-1.290147657391044334e+01
-2.047561384831487175e+01
-7.010661999622406881e+00
1.746789036634995629e+00
7.915280597342698066e+00
1.016312757504199027e+01
1.557774051651461278e+01
2.112760795724858909e+01
1.730348305126668507e+01
2.241964181331854178e+01
-4.112975911795501816e+00
-4.566887633311136341e+00
-2.345733486520551470e-01
-3.755423037522457985e+00
3.341538859768291014e-01
-1.121967601202657594e+00
-7.916602226050883928e-01
-2.304358551842179637e+00
-3.990024268970964183e+00
-7.903043249293113526e+00
-1.059440808321256355e+01
-1.137771175089079634e+01
-4.565223152111455462e+00
-3.879727393694696769e+00
-5.298085522596027275e+00
-8.319831909306078188e+00
-3.748953981366397237e+00
-2.444243554058537771e-01
8.856495567862204155e+00
-6.130885935405805398e+00
4.837354640466415390e+00
-2.448824463350924852e+00
3.189709978360375953e+00
-7.556261718241847447e+00
1.073840194247499991e+00
4.970384882357101297e+00
3.080527287040631279e+00
4.226870563893193378e+00
2.858525031996497656e+00
2.282587792822678541e+00
-3.054349673092242590e+00
-6.529426004240685089e+00
-8.219217923226414868e+00
-6.073678921074856518e+00
-2.203600410342748894e+00
6.699875276746146469e+00
9.388116509428058976e+00
1.270561491385925912e+01
9.412437573716388783e+00
6.469785139635279236e+00
-1.883291591065128046e+01
-1.269266488910831381e+00
1.553815112567005885e+00
2.313303930540853148e+00
3.761629108627439599e+00
2.857106476381431337e-01
1.106360923437455401e+00
-6.217015195561790719e+00
-1.401807580992394087e+01
-7.748944114948622008e+00
-9.816899777447369857e+00
-4.397700217386044663e+00
-2.376806652432802203e+00
3.352235865847351004e+00
-1.066154187073042614e+01
-1.261242559058359092e+01
-1.549347231889060872e+01
-1.531489297528652571e+01
-1.685416493482434674e+01
-1.995779780736333819e+01
-2.690162143567441433e+01
-3.050379571833673253e+01
-2.722923490014344949e+01
-2.058180020485170658e+01
-3.192365975803448919e+01
-3.660532982008983538e+01
-4.060500461498777014e+01
-4.335711272055164045e+01
-3.762400398612589214e+01
-2.722499238376715169e+01
-2.495013225640783716e+01
-1.863045975711908042e+01
-1.250678337245594740e+01
-1.188927954834343836e+01
1.217960015038996069e+01
-2.189247273942508443e+01
-2.755192805208380946e+01
-3.490635978646491822e+01
-3.355286847346305024e+01
-3.150147455906553162e+01
-2.214050591218438413e+01
-2.477968445846806489e+01
-1.080327084749828614e+01
-7.530941944437157254e+00
-2.281910908706640839e+01
-4.213241132924920862e+00
2.349090953927395642e+00
8.303717789959941697e+00
1.069706382672087486e+01
1.755781707664068847e+01
2.097364579351495451e+01
2.320287816175216378e+01
1.471282290788910174e+01
-6.270264831193181010e+00
-4.072784299156248622e+00
-4.038613303444191338e+00
-2.163135572860431122e+00
2.801397207233247144e-01
-1.247657889151016608e+00
-1.254965489568600212e+00
-2.742729360551351192e+00
-4.833742507557994728e+00
-8.427442085433460406e+00
-1.073603377297788519e+01
-1.084097303874638740e+01
-3.558547564102400695e+00
-4.356580547721412344e+00
-5.362961881807990494e+00
-7.868611442178539583e+00
-2.061700717981972630e+00
4.929957786106870188e+00
8.546740732324666467e+00
-3.496210706975566129e+00
7.280982492563250474e+00
-4.585031069372996093e+00
3.848498320888206425e+00
-5.781969583708173488e+00
1.682537775331795160e+00
4.067538426453261025e+00
3.357790170161643495e+00
4.167510125089713746e+00
2.867826196442401887e+00
1.166319593949799005e+00
-3.817564476230739245e+00
-7.312681123108622394e+00
-8.074230391601544099e+00
-6.076399846204087574e+00
-1.643280107215327329e-02
7.482844677120455756e+00
1.037120433545401710e+01
1.539939817608634698e+01
3.414476195210951914e+00
-9.524877540154745859e+00
-6.958317662704119222e+00
-6.965993489818819162e-01
-6.948158817492069872e+00
4.084761959845927493e+00
6.019512180237866161e+00
-9.253471025922527238e-02
6.658659232052058563e+00
1.134142912213727650e+00
1.510762845091313977e+00
-4.573774244354600782e+00
-8.869259701650157979e+00
-8.015036029050977007e+00
-4.034175135602993123e+00
3.460920660437306839e+00
-1.152668215474737323e+01
-1.137678291105447492e+01
-1.209787839017124611e+01
-9.376473938699552590e+00
-1.422907355265587981e+01
-2.068812813883267765e+01
-3.119095395302124274e+01
-2.796724448514186534e+01
-2.825341630534962434e+01
-2.317346764676373994e+01
-3.249317988118957601e+01
-3.837702766756685691e+01
-4.286784413477742106e+01
-3.939809242666761691e+01
-3.518036076190902861e+01
-3.150366261236487020e+01
-2.543904233084301580e+01
-1.734075993994477471e+01
-1.370702757574640529e+01
-1.143174471634631217e+01
1.085133132006744106e+00
-2.999010516281427385e+01
-2.910971952497174797e+01
-2.905392505697387406e+01
-3.423955412120011488e+01
-2.948260173486479729e+01
-3.604297452586793327e+01
-1.988286583229300319e+01
-2.002670597343317027e+01
1.704725930486024410e+01
-3.113277661135077068e+01
