# z [pc] 550myr: 
1.500000000000000000e+01
-6.392402683465679303e+00
-3.093883377582146821e+00
2.022899610376349244e+00
3.009773450577497123e+00
3.000165949921564934e+00
-1.669315677025716926e+00
-1.312121270411895679e+01
-9.734062760851935892e+00
-8.506832567269118073e+00
4.904314954505524793e-01
-1.552831061721813510e+00
7.010627320966822396e-01
-3.972999676095287036e+00
-5.364612676157548776e+00
-5.422714881159276246e+00
-6.519188812084077078e+00
-6.553965329559972020e+00
-6.464156249168007129e+00
-6.824563184765260360e+00
-7.209088470026459028e+00
-3.573797141886478901e+00
-3.809862243253626879e+00
-2.948067461343302664e+00
-1.733536201761217477e+00
2.924114930202057927e+00
5.502554955644355594e+00
5.033276617434059297e+00
4.426806038069565297e+00
4.410396941070592547e+00
-1.718973621201620672e+00
3.823919214218664542e-01
1.941833338879999760e+00
-8.927181128024812562e-01
-6.879603568184126106e-01
-2.836932308307284600e+00
-4.808705808886680089e+00
-3.332984859527883703e+00
-3.728321533301015567e+00
-3.124981565052550980e+00
-4.362709298602226227e+00
-3.688365613020141431e+00
-6.908117876635785359e-01
3.482591380101044187e+00
6.769252689363340458e+00
1.390263442064775257e+00
3.908851994481593817e+00
-1.817801087015507688e+00
5.389563784413061498e+00
4.137000655836986951e+00
6.845441050454240006e+00
4.983287035430155498e+00
7.453819447446575985e+00
5.307974505078162153e+00
1.693788137381404768e+00
5.723947136790538792e+00
1.980165783469189034e+00
-8.096697181753991224e-01
-2.809058066018913724e+00
-4.252532884553413162e+00
1.306001522718745145e+00
4.265544307345796149e+00
3.546205782808988793e+00
-2.076286845931510072e+01
-2.117060686058863794e+01
-2.259007195280377900e+01
-2.425398848010448916e+01
-2.646379645123011315e+01
-2.931186972284285019e+01
-3.141636480747910554e+01
-3.123526191842536903e+01
-2.945833058519024306e+01
-2.235887562921061544e+01
-1.652920106378493870e+01
-1.405230294150578807e+01
-1.397447069825788368e+01
-1.616060227880128508e+01
-1.705731379698392303e+01
-2.051620269260814311e+01
-2.755189438333598773e+01
-2.230033527428078344e+01
-2.157973060674216725e+01
-2.509593165411381932e+01
-3.306910612452092835e+01
-2.728247739049561815e+01
-1.408168550452991141e+01
-1.901661108531775213e+01
-2.004345137804996568e+01
-1.015781674474385632e+01
-1.472312964772051025e+01
-2.095538891399025161e+01
-3.081087382398781926e+01
-3.168282559282859268e+01
-1.517081441020407695e+01
-5.983234610062652337e+00
-2.017700953025708621e+00
2.766833605787892392e+00
4.383622587623513311e+00
-1.203145567851739539e+00
-3.152020118006804150e+00
-1.224847907861910024e+01
-2.501819496853510572e+00
-1.317179361204223120e+01
-1.448382308569624799e+00
-2.736568963640928498e-01
-3.090658468745973941e+00
-3.795210018486595338e+00
-5.319344740910637803e+00
-6.555772819414753094e+00
-5.670594963186837312e+00
-6.796190829121274923e+00
-6.180448327232935135e+00
-6.928916340240847127e+00
-7.234262097134284808e+00
-3.502062481676661232e+00
-4.265867545285384033e+00
-2.244134416948899702e+00
-5.953143716034604571e-01
3.632047496221757044e+00
4.886295707833390622e+00
5.185501529956514588e+00
4.178732627832490998e+00
3.296448629217552551e+00
-1.737025088786120275e+00
5.157767455273195578e-01
1.463471678430484424e+00
-4.676231599007702466e-01
-9.793666441880310991e-01
-3.351852915353651152e+00
-4.606379812817814390e+00
-3.058329012681000769e+00
-3.566135243061839599e+00
-3.584212539935186737e+00
-4.244497408566346053e+00
-3.356677031664509592e+00
-7.603464299829139073e-01
3.815869983313256331e+00
5.953638684079819221e+00
5.511761766048622668e+00
2.642436204759926799e+00
-2.041163420171370646e+00
4.644195278028681706e+00
3.915767541215543268e+00
5.512119695276290976e+00
4.908496864120904135e+00
7.358185033461525748e+00
3.855919982623533748e+00
2.863028438775121476e+00
7.951857729969343147e+00
3.705460590257819486e+00
-3.084219133452020589e+00
-2.894717025951498712e+00
-3.318227992990795627e+00
1.726692245410325732e+00
6.439835743906796139e+00
3.439359017849808353e+00
-2.152640629209217948e+01
-2.142606764460519386e+01
-2.278849346196047065e+01
-2.439801497639327010e+01
-2.683841567804573103e+01
-2.973546289760784234e+01
-3.149690654049594940e+01
-3.154864798621994026e+01
-2.819785423098012700e+01
-2.048916505435121138e+01
-1.498304867575383170e+01
-1.446725526699872155e+01
-1.397372568991233166e+01
-1.653863053640183978e+01
-1.753594497560287024e+01
-2.222694090877543260e+01
-2.689901707690471611e+01
-1.856867387231087108e+01
-2.523008578932518020e+01
-2.143647034874323865e+01
-3.241409472439221418e+01
-2.562512553469818499e+01
-1.869863516027767147e+01
-1.866509853080134107e+01
-1.173521816405638951e+01
-1.042972212018914924e+01
-1.354964453818235626e+01
-2.385037675021532877e+01
-3.114415863386819439e+01
-2.993375789096522155e+01
-1.569057507029093834e+01
-5.384253201328016658e+00
-7.577937514024626342e-01
3.704629072046506710e+00
5.588263580683211273e+00
-2.458755932104133290e-01
3.784389660886979811e+00
-1.916883218087449947e+01
3.945993871403893127e+00
9.536342798042559687e-01
-2.966142745382727597e+00
2.620363874323127451e+00
-2.488538036127534436e+00
-2.417681229644771612e+00
-5.345932259508177076e+00
-6.492792133406997124e+00
-5.795037100786522011e+00
-6.761293950267559971e+00
-6.249556290357211275e+00
-6.996377645886725283e+00
-7.122763805751252342e+00
-5.503389043990782881e+00
-2.928430990433810610e+00
-2.445084442157208660e+00
6.740309886808441009e-01
4.566909084152215748e+00
3.840370367858509937e+00
4.872581490386209246e+00
4.831273134915840650e+00
1.567498607896533613e-01
-2.889635600489838474e+00
6.291244105819286947e-01
1.525043736071029166e+00
-4.126328291368017154e-01
-1.431082758653413389e+00
-3.743300573324936931e+00
-4.220107353538328887e+00
-3.630459737927661301e+00
-3.430923025105809376e+00
-3.864838486817416818e+00
-4.133459024628371559e+00
-2.948456929562323303e+00
1.422403873995947476e+00
5.559926027026708795e+00
4.011270866914212085e+00
4.223798198299902218e+00
4.791545520344613340e-01
6.419230664781546913e+00
1.522674492676283631e+00
6.798817767211777330e+00
1.121812934958892782e+00
3.752424158846967561e+00
7.786089302621870267e+00
4.027219914670387091e+00
-9.372160473419495486e-02
1.158094257625376144e+01
4.848091480377246576e+00
-2.069242227430783121e+00
-1.489777529628014907e+00
-3.510135094464543748e+00
2.445326366192532852e+00
6.862062127904999365e+00
2.858653307166462376e+00
-2.048684575098886995e+01
-2.143122264047559611e+01
-2.319002639466452464e+01
-2.499711952266183701e+01
-2.757988812473623241e+01
-3.038523422673114283e+01
-3.163066050483240588e+01
-2.962049508158426292e+01
-2.544548104676551503e+01
-1.896825122185558499e+01
-1.505410997931435446e+01
-1.455108023493084168e+01
-1.464024019244274832e+01
-1.676941626160537879e+01
-1.827762060303117408e+01
-2.399836754267354877e+01
-2.591988466863224616e+01
-2.035182750173871113e+01
-2.321913291966741255e+01
-2.825798012117430247e+01
-3.273572288390590757e+01
-2.902500254853230643e+01
-2.088526253819718903e+01
-1.145739864991040768e+01
-9.725118185332474852e+00
-1.106909111949679492e+01
-1.829937640079626604e+01
-2.469869291924774402e+01
-3.107191147029864098e+01
-3.215590573478461067e+01
-1.713221034618235450e+01
-4.713141519053072770e+00
4.893415378079352118e-01
4.224775411487065035e+00
4.580468802513911974e+00
-1.354687660826099815e+00
-7.932916243230264897e+00
-6.434781664330492035e+00
1.356221995486716958e+00
-6.710370090170910684e-01
-8.523274294162805909e-01
1.024827510119368013e+00
-1.986270059356925577e+00
-3.632922192050688448e+00
-5.403360393969351527e+00
-6.311258270470601950e+00
-5.643361080710932676e+00
-6.807052881099311392e+00
-6.515972649840700903e+00
-7.069191624644687089e+00
-6.939011737040759797e+00
-3.370551172724015832e+00
-2.491762737997919697e+00
-2.515955748434632433e+00
1.523549702121965055e+00
5.538316484621881308e+00
2.657641066280876707e+00
4.758617543552305484e+00
7.445896798390911009e+00
-1.090893156916805884e+00
-4.048555515315817033e+00
7.989137503038225008e-01
-7.360044999521896392e-01
-4.667667131767068156e-01
-1.888144381663881433e+00
-4.261239003894948141e+00
-3.855350823320679243e+00
-3.021124860626307029e+00
-3.481564640762183416e+00
-4.137748902901987158e+00
-4.141053755861932473e+00
-2.456795448501325030e+00
1.125912896458892698e+00
6.314896150624488946e+00
4.753503412808875339e+00
6.945740372024137521e+00
-4.458806806220935393e+00
1.361820098389082467e+00
1.778727322556272750e+00
1.330112781248325327e+00
4.895821269249099217e+00
8.464284194399134265e+00
8.000314938375154838e+00
5.133631216904917416e+00
2.622121031436240646e+00
6.402662135171672375e+00
8.386496820920330553e-01
-2.356932004013209347e+00
-1.393472933657633472e+00
-2.752085113087576307e+00
1.826649535430988625e+00
7.087739610405254354e+00
3.145511170448695992e+00
-2.141887814317547978e+01
-2.187617834465395106e+01
-2.356690273476526798e+01
-2.547051085306619811e+01
-2.818537715772043128e+01
-3.083296940041534384e+01
-3.155004642248941238e+01
-2.823748041278418341e+01
-2.363209739426246614e+01
-1.841801391589430281e+01
-1.527756607961019952e+01
-1.590531306204974094e+01
-1.507544225422856421e+01
-1.680303178044552226e+01
-1.839785295119337860e+01
-2.649263316886432307e+01
-2.406639827857335234e+01
-1.985784009783356296e+01
-2.603752354034599037e+01
-2.226018140764420039e+01
-3.097252491821017983e+01
-2.197139920486657516e+01
-1.860355517438744855e+01
-2.047597403123447179e+01
-9.649906630342840685e+00
-1.183782555475883491e+01
-1.805182746008375716e+01
-2.445705222501005949e+01
-3.235622025863949602e+01
-3.309758938133150963e+01
-1.756776594248946211e+01
-4.003413245848181923e+00
1.365143323677974641e+00
4.285540552957038507e+00
2.234650665940719705e+00
-1.393893607551940361e+00
-9.898751698198397619e+00
-1.204864384156191193e+01
-1.133402025825321457e+00
-4.501369618479168722e+00
-1.184474204725431079e+00
4.973440450458995521e+00
-3.244752887718516998e+00
-5.001152461346840994e+00
-6.244661100103343188e+00
-5.735773481007820251e+00
-5.369890031661780583e+00
-5.917711141844960387e+00
-6.586065118884187441e+00
-7.087461354855772555e+00
-6.679894125623212275e+00
-3.680739446271175108e+00
-3.719404204088077925e+00
-2.095610805264234155e+00
1.945961658715125164e+00
4.961353475832620319e+00
3.726803425355673660e+00
5.367029385052270563e+00
2.305532423480974646e+00
-1.957909928299699898e+00
-3.697209047700397822e+00
6.020263046216567382e-01
-2.640998636467975502e-01
-2.298471427044739557e-01
-2.461125377824184834e+00
-4.740822717714383572e+00
-3.654080570258530170e+00
-3.069043120178962969e+00
-3.278955616944296825e+00
-4.164857702755889513e+00
-3.160817658387613083e+00
-1.191476817107322228e+00
1.212118894798825508e+00
6.004370342258736670e+00
5.589842177131568945e+00
5.752300175572823804e+00
-5.394336527413744697e+00
4.926992695381914977e+00
3.554829978097202581e+00
1.879900015273344716e+00
2.165710155225133882e+00
8.074394046431864425e+00
7.395231692946351743e+00
5.014463060423376639e+00
3.181138596793837703e+00
5.640073333905188058e+00
-1.024987340929491841e+00
-5.248003319673140155e+00
-3.319611690801267834e+00
1.524241615087612356e+00
3.283243246062160114e+00
6.844116444623514539e+00
3.645362652528889136e+00
-2.109883157292293632e+01
-2.221968594148750498e+01
-2.390237144502449240e+01
-2.595827067899061547e+01
-2.877359614454934089e+01
-3.120094419829878518e+01
-3.212477205935294933e+01
-2.886987554097884612e+01
-2.308375308627747202e+01
-1.755594973077427667e+01
-1.497271713477259247e+01
-1.454872179675591681e+01
-1.580605171005856668e+01
-1.688267135658914242e+01
-1.886865853926306968e+01
-2.801444048423854483e+01
-2.179908704418860310e+01
-2.310281158314792194e+01
-2.479068942284454025e+01
-2.118418500423540607e+01
-2.875166778974948656e+01
-1.854009092538285230e+01
-2.028012773265838575e+01
-1.706106948390095113e+01
-1.027852751273818477e+01
-1.362461475786425602e+01
-1.973899374751388791e+01
-2.919103379340044313e+01
-3.229062384297898092e+01
-3.281109577929047560e+01
-1.674706611132052814e+01
-7.695386714240205706e+00
-5.679999876882343202e+00
6.252686575888775911e-02
1.040867534451565213e+00
5.196575894895087977e+00
1.576231348718639014e+00
-1.922067366457837212e-01
-1.462018246065445837e+01
2.263889646493151719e+00
1.466804698635129078e+01
3.810010443119402623e+00
3.288814536253872767e+00
-1.664455967776221179e+00
-3.643862702899805850e+00
-3.957161032437405357e+00
-5.219677725432870119e+00
-5.145659236250872404e+00
-5.786558982296147846e+00
-6.775243999783702620e+00
-7.685041246204087351e+00
-1.841524723853061873e+00
-1.751389147781782452e+00
-3.515666981850216644e+00
-3.371926623792960154e+00
-7.730304551072999519e-01
2.601756965028329649e+00
3.226306151011510526e+00
4.283408590706266672e+00
9.049454190886670801e+00
7.794538471831523596e-01
5.682764235493942273e-01
6.897046781108461921e+00
1.249620262661801817e+00
-3.626882119103551627e-01
-8.956404732477616371e-01
-2.631506392664987981e+00
-2.631591922179168819e+00
-3.243395460421222953e+00
-2.694217841308550021e+00
-4.565332788379719453e+00
-5.023903943125004545e+00
-3.621791024503027590e+00
3.911054846943186614e-01
5.021589835989524353e+00
6.848444127060107967e+00
1.904651443732379823e+00
3.096361941500966886e+00
1.966615524717878039e+00
1.304797130382837345e-01
2.272511942118900841e+00
1.973831742012756685e+00
3.239188213724397691e+00
6.747319540188305709e+00
5.275671219698425674e+00
4.682174493245293334e+00
5.904817553659253093e+00
-1.674275510698264857e-01
5.636170912199556238e-01
-4.257359519533395087e+00
-2.739734397035052726e+00
1.077761868248781285e+00
2.471018325524173331e+00
-2.194779103067018866e+01
-2.058620711871524378e+01
-2.107119475463548142e+01
-2.276443774789523289e+01
-2.506261627136941783e+01
-2.808646239305035763e+01
-3.078589977449543724e+01
-3.185012763693561766e+01
-2.894555222787720794e+01
-2.393206332550093407e+01
-1.851559463713511278e+01
-1.565193715214896031e+01
-1.464136888868748265e+01
-1.645501744643658881e+01
-1.655965876764679834e+01
-1.950304084557644302e+01
-2.939328246256494381e+01
-2.336589141302896167e+01
-2.036493245081351944e+01
-2.470435143726026794e+01
-3.210872807597422707e+01
-2.962239860776083589e+01
-2.082890276035050903e+01
-1.710645295702760649e+01
-1.850464957323929127e+01
-1.032742207652552757e+01
-6.732303914306911885e+00
-1.956963782560280052e+01
-2.071594956778035623e+01
-3.163850684756089748e+01
-1.746682005175007646e+01
-7.408676595400737419e+00
-4.880769052643694650e+00
1.133192483927779604e+00
2.291836044685686247e+00
5.757259380401357873e+00
1.955200681271907825e+00
-7.295676989585806460e+00
-1.670104930840293278e+01
1.655914521799053407e+00
7.918642586972959307e-01
-1.527142106952497747e+00
2.396021166834975347e+00
-1.810120740258806649e+00
-4.624772184334860370e+00
-4.642400368165569446e+00
-5.461051792779597847e+00
-5.560036062287827541e+00
-5.521314764951470444e+00
-6.892848342076499435e+00
-7.750250602032050296e+00
-1.659882570377209543e+00
-2.301690566124175774e+00
-3.512547353670445016e+00
-2.754835409667780066e+00
4.100438406235666355e-01
2.125430858733418749e+00
4.184160857803766120e+00
3.853610166865098829e+00
6.931490054988282523e+00
1.370779606347878099e+00
8.290524792992174374e-01
8.020231277364231914e+00
5.302551762977401051e-01
1.967461854507185637e-01
-1.121548149198931199e+00
-3.011232038976228154e+00
-2.363990674977729523e+00
-3.141597505714048832e+00
-3.330003805898710922e+00
-4.707765811139351442e+00
-4.773560757935720211e+00
-2.871170430851245126e+00
2.667761027104777583e+00
6.810406566312035004e+00
3.915317191771798822e+00
2.637750826185755848e+00
-7.278065747383122286e+00
3.677203930079011585e+00
6.723051675866931198e+00
2.083758043331409127e+00
3.559402246388821744e+00
4.692094650936712519e+00
6.284801137523198911e+00
5.357406621882562447e+00
1.781570526497157081e+00
6.242135619143138747e+00
2.995376356256683525e+00
-4.982128642328436663e-01
-4.519519096054817275e+00
-1.141273228849572080e-01
1.722164212777232084e+00
3.022716799846234981e+00
-2.219288100071952741e+01
-2.042034572581427554e+01
-2.137716809593530343e+01
-2.317162960998216548e+01
-2.563215333177430466e+01
-2.871883168278786513e+01
-3.113866252631418874e+01
-3.117522726803157695e+01
-2.953165809092537586e+01
-2.334485986705342953e+01
-1.796530062513581782e+01
-1.534212890058338985e+01
-1.471824914783075933e+01
-1.677580717793791365e+01
-1.700596027167378566e+01
-2.159944600471805387e+01
-2.884546776721313321e+01
-2.084159230817666852e+01
-2.332151565526870129e+01
-2.322469148876725953e+01
-3.241362976094170989e+01
-2.804934871642577221e+01
-1.520159232271221583e+01
-1.534515687917550331e+01
-1.135273698335211279e+01
-1.314009399099719566e+01
-1.462134943738576887e+01
-2.059446344218574509e+01
-2.862034091186151130e+01
-3.142393607876224237e+01
-1.749028063243380515e+01
-7.047926873459978481e+00
-3.945181734752616354e+00
1.057721880096121003e+00
2.336155706765304707e+00
4.225245442088056969e+00
-8.479695037700516469e-01
-9.076452498654896672e+00
-7.556665718903724738e+00
1.794272003775971180e+00
-9.459918252718601650e+00
-1.208739542126439526e+00
3.516919241347988834e+00
-1.927782457121699933e+00
-4.301288472264621632e+00
-4.385218352589645541e+00
-4.820316396660059510e+00
-5.448458090286162125e+00
-5.854574428869423031e+00
-7.004963422913518478e+00
-7.774191187501086731e+00
-2.743057686510267601e+00
-2.273498945241672509e+00
-4.191532268073433265e+00
4.723670510036132031e-01
2.199330312365285423e+00
1.791832675036874489e+00
2.951668010001396336e+00
5.076140609440174423e+00
4.068671471548037211e+00
-8.136863659046480457e-01
-4.031541305328724678e-01
9.158337845309757697e+00
-2.370376837525728364e-01
6.128389768686224454e-02
-1.511592143823293100e+00
-3.183677702277794896e+00
-2.245147455200642739e+00
-3.092314410879134723e+00
-3.804188153870646794e+00
-4.865906500154133951e+00
-4.081320156502819430e+00
-9.119896306174051226e-01
3.489751487084327586e+00
6.134354466957682384e+00
2.385658041865169832e+00
5.033764702970945137e+00
1.206441956216351841e+01
4.452383201105537758e+00
1.323958345318313468e+00
5.147204899363707398e+00
2.839813893965127178e+00
4.041541533012438236e+00
6.864221183787040381e+00
3.586560037504328058e+00
4.707978870517864345e-01
5.937105502332690854e+00
-8.149775264355937354e-01
-2.961124186664841673e+00
-5.089702309032952066e+00
1.915237709106072161e+00
2.993076766730735194e+00
3.179017232356998512e+00
-2.216164317792093641e+01
-2.050686272701968349e+01
-2.173889660893402720e+01
-2.361851105045133181e+01
-2.622070300728990233e+01
-2.929425633279326746e+01
-3.135152125946061830e+01
-3.161182407198009514e+01
-2.911601142727088742e+01
-2.301063931979775035e+01
-1.788119639981709241e+01
-1.488970550733223419e+01
-1.500965552775233292e+01
-1.687388999332026884e+01
-1.793995903387514801e+01
-2.363294826370379553e+01
-2.761924725538186465e+01
-2.134404113850066409e+01
-2.302586932435685796e+01
-2.103170557571426613e+01
-3.232578107459371353e+01
-2.736209871364018653e+01
-1.352752980436061137e+01
-9.587056735538604713e+00
-1.181190727655603112e+01
-1.153437751408230305e+01
-1.719163353307474296e+01
-1.496720064652860138e+01
-2.999560367897113622e+01
-3.023795873731357275e+01
-1.533787023536287641e+01
-6.692476059170743952e+00
-2.834173899754002246e+00
1.732952060638492053e+00
3.578451763724662449e+00
3.522649286189657669e+00
-6.158712474600639419e-01
-1.576518206337160244e+01
-3.813827659687364147e+00
3.114838673916342060e+00
-2.239301205280422202e+00
-9.974854796701557724e-01
-3.330595202920775488e+00
-2.195922852714377704e+00
-4.082295538267750601e+00
-4.651679023373734623e+00
-5.054256367544602391e+00
-5.804276290724279086e+00
-6.323905044218811611e+00
-7.280811856365601464e+00
-7.826899949666393574e+00
-2.208171494574675542e+00
-4.456936821383706615e+00
-3.065206335738251298e+00
-2.438249507516174752e+00
1.456469773008485458e+00
1.671546163963624210e+00
2.185382088737891859e+00
5.271534894895201440e+00
1.556426672978254988e+00
-1.365675316443125453e+00
1.828627777444917502e-01
4.676266756168280914e+00
-5.038597596164615666e-01
-3.116485346615796570e-01
-1.976236699238874461e+00
-3.263396201259838758e+00
-2.213440846926458150e+00
-3.054904831558800549e+00
-4.133977573593207389e+00
-4.974237283401207854e+00
-3.795928590747638776e+00
-1.025774280277914396e+00
4.758451402834666943e+00
6.722276482808768883e+00
6.169167034288614460e+00
9.178760909598189244e-01
-4.259026811985795291e+01
2.358844843728814311e+00
1.526073252644152278e+00
1.053977356027914425e+00
3.699773221124117217e+00
5.666234602320807667e+00
7.385482750196835866e+00
1.138247072018415684e+00
5.651065108882995958e+00
4.917031478744793738e+00
-2.241548811143674325e+00
-5.129614138922829802e+00
-9.401019188222029532e-01
-5.630918370432708153e-01
2.256590604578788017e+00
3.103115195170454310e+00
-2.069600599360254023e+01
-2.050240964419204204e+01
-2.202346718807748616e+01
-2.408558840609284601e+01
-2.693509963487210257e+01
-3.011618271838339567e+01
-3.214173292152215566e+01
-3.064432169270436646e+01
-2.686495482962493497e+01
-2.166225683460332263e+01
-1.664162379217314225e+01
-1.358816764738326555e+01
-1.459652506063754807e+01
-1.671726782546925705e+01
-1.863513944079696572e+01
-2.550817413363382258e+01
-2.621806904145348227e+01
-1.911572017336553841e+01
-2.450699893573480637e+01
-2.410719735701846389e+01
-3.208283799353955601e+01
-2.841480528211603485e+01
-1.205711003692187511e+01
-1.639711916696336402e+01
-8.168475060995437076e+00
-1.086600885340779143e+01
-1.705626993602260910e+01
-2.279642015431301516e+01
-3.195458733205363089e+01
-3.283608560737174997e+01
-9.416036676935519267e+00
-6.341844908199513853e+00
-1.517220156898447136e+00
8.202407137302877294e-01
4.756095752284805300e+00
1.539396244726697116e+00
-4.230698669477185980e+00
-1.496986113974353749e+01
-1.281150839639328742e+00
2.590937449215663602e+00
7.621014544783122346e-02
2.002298474399737405e+00
-1.145403617076906411e+00
-2.194676778432612441e+00
-3.972365754502261481e+00
-4.942257813836038238e+00
-5.092371184534756345e+00
-5.870735248043035703e+00
-6.613323083140203451e+00
-7.548054805388830779e+00
-7.877818305908276031e+00
-1.734638907281444098e+00
-4.139757953521366218e+00
-3.337959649131422069e+00
-1.625110063598023569e+00
2.162966200666449179e+00
2.345703413220657119e+00
3.604747864084776321e+00
5.998778026316311518e+00
4.118113202739147383e+00
-3.122949888629428905e+00
4.086065706860215196e-01
3.295406612901728760e+00
-1.752167096381797018e-01
-4.961808161274934847e-01
-2.361397606446227204e+00
-3.292976866460140872e+00
-2.317517885777935049e+00
-2.979563358045236310e+00
-4.362597646153813180e+00
-4.948887021722410573e+00
-3.598981651113747571e+00
8.001879945113553605e-01
5.552569646109853707e+00
5.433884310284565977e+00
4.559510194414210460e+00
2.469052777014792088e+00
9.317342376620141309e+00
6.009610006435196716e+00
1.671086088863602770e+00
1.972916829715246401e+00
5.853645765480834484e+00
6.166963681423995425e+00
4.445266283876248004e+00
6.701934200740896408e+00
5.562612189178899769e+00
3.360000015092943659e+00
-3.593778672509007510e+00
-4.449067836905096662e+00
-1.050913070497506263e+00
7.137467527424672387e-01
2.283888701336459270e+00
2.667456390160108270e+00
-2.088739731024495327e+01
-2.080117808961562531e+01
-2.236916116708317048e+01
-2.451037541064595260e+01
-2.741605690076351109e+01
-3.031852447902041803e+01
-3.143773597291180977e+01
-2.916987959712716005e+01
-2.509910839943556482e+01
-1.913947525412807948e+01
-1.468704320200760982e+01
-1.426202009653372471e+01
-1.540705237751860324e+01
-1.667683614487464183e+01
-1.883448078014107807e+01
-2.787193168084830219e+01
-2.493380825414942947e+01
-2.167884500318486118e+01
-2.225328264454987348e+01
-2.259293889935323207e+01
-3.151579277242764832e+01
-2.458174493492135682e+01
-1.938126689062113428e+01
-1.757915392854013703e+01
-9.619938023652052195e+00
-1.255901259067504050e+01
-1.790766664479482984e+01
-3.097740750186666503e+01
-3.062173207387050411e+01
-3.153171986182421449e+01
-1.567410647351790942e+01
-8.255439741532292430e+00
-7.244354188885401946e+00
-3.388015612002570176e+00
-1.556913391113403433e+00
3.582843332957551308e+00
5.946792719897644020e+00
4.204615409577227680e+00
-8.991814718415449548e+00
-1.031756489044212088e+01
6.056269394795563699e+00
-1.370055467361649804e+01
-1.113199553721031743e+00
1.107400359819924018e+00
-1.687201307437423248e+00
-2.720386671084398245e+00
-3.226393330268660264e+00
-4.444443833614728945e+00
-4.778893145980510404e+00
-6.321329660835124820e+00
-7.611274153833678113e+00
-2.044776604232583228e+00
-1.214928513258374698e+00
-3.430763001906428133e+00
-3.310865361211643432e+00
-3.315242264240615633e+00
2.020892323343251029e-01
2.580974188440662065e+00
1.630441873956419929e+00
5.188806720582792131e+00
-1.872132427610815775e+00
5.110237982389681521e-01
1.595464078840190369e+00
9.107576911140387921e+00
-5.531634347897489146e-02
3.739603645197585036e-01
-4.697010265577953314e-01
-2.113644276327138805e+00
-2.027543196495664279e+00
-2.300379444175434163e+00
-4.337394315899500086e+00
-5.474274132543553328e+00
-5.405895440249558703e+00
-2.680731860641309972e+00
2.711325490766517188e+00
6.143334137202927536e+00
7.745934314077373983e+00
-4.059841058140943204e+00
-2.940019567251086841e+01
1.741536892836750838e-01
2.371575330469442022e+00
-5.539883008717536583e-01
5.059972732332397305e-01
3.957221247912218853e+00
7.652457368353926981e+00
6.521740916250829301e+00
3.025853393864344376e+00
6.637675338977491180e+00
9.990154915685138803e-01
-2.553883155128225724e+00
-1.846652204787984308e+00
-1.164744399631860716e+00
3.180746210156826237e+00
-2.335600500403211299e+01
-1.979131430864921626e+01
-1.991947555558523320e+01
-2.136702072150321641e+01
-2.365541165610448004e+01
-2.674647544398118981e+01
-2.981584379120402772e+01
-3.127489194650796023e+01
-2.942002474340171148e+01
-2.632674542229655756e+01
-2.194187534949408658e+01
-1.758353266150665561e+01
-1.497658799005052543e+01
-1.620453065383408031e+01
-1.695787502587812057e+01
-1.956230896426606947e+01
-2.925607773371519826e+01
-2.510154847046366555e+01
-1.874695631035596577e+01
-2.388214216374427679e+01
-3.089347496580366226e+01
-3.035358422605211359e+01
-2.538639595881419098e+01
-6.807387002945651133e+00
-6.983819135676697876e+00
-1.241834645804839177e+01
-1.345021788247673200e+01
-1.964315271866203005e+01
-1.024377389576853314e+00
-2.922942821872321417e+01
-1.300936892566959280e+01
-8.307593802883028289e+00
-6.911849058592621553e+00
-1.899587658208824470e+00
2.245125747182743006e-02
4.134885945075626346e+00
4.504034862402422235e+00
1.892500556399148159e-01
-1.924687208548562722e+01
-5.503516180925000612e+00
2.840373806255087619e+00
-1.730101753248747265e+00
-1.466729840708507648e+00
-2.434763560073584188e+00
-1.569262410603322833e+00
-2.625220251352559764e+00
-3.527888532558928425e+00
-4.443928543892858407e+00
-5.165022175526479131e+00
-6.621384813388734969e+00
-7.920292562154822136e+00
1.759698103365197275e+00
-1.136718736936090046e+00
-3.283281375451577500e+00
-3.785799411328731878e+00
-3.246808291210418584e+00
-1.136263027863819275e+00
1.418836530038820376e+00
2.105150423192679643e+00
6.751713758320942560e+00
5.213932279176023421e+00
4.900952371560684528e-01
3.415352863626782032e+00
5.414569424821803700e+00
-5.002739702834489988e-01
2.660598848519782345e-01
-7.928231500708201596e-01
-1.922334758306434077e+00
-2.106263051135472519e+00
-2.875689373642525748e+00
-4.561862913394950425e+00
-5.495640864460154873e+00
-4.788372761257154941e+00
-7.390159779853802124e-01
3.241623474712265196e+00
6.475296656526286831e+00
6.572497920955433948e+00
7.747975976655600228e+00
1.555649395961615156e+01
-1.317022126788593317e+00
-1.383528348663991547e+00
-1.329875975183117287e+00
9.402366242376095640e-01
1.984955331470594109e+00
7.250347679405047430e+00
6.136909101756852003e+00
4.725361333341726144e+00
4.952184292884552974e+00
4.541599343946598921e+00
-2.789246245701427096e+00
-8.916042776221941857e-01
-4.628874780472537198e-01
2.501590941105277910e+00
-2.362439854031138609e+01
-1.966637118812780471e+01
-2.009339746166349983e+01
-2.174556980597773403e+01
-2.422859942152254575e+01
-2.746279250554304241e+01
-3.040368955797405803e+01
-3.134954216378599767e+01
-2.935909995691924834e+01
-2.526779509002859214e+01
-1.927786022827257639e+01
-1.546636790191922373e+01
-1.431062495232369081e+01
-1.652790933734270240e+01
-1.553031349261118166e+01
-2.025040357572310867e+01
-3.035121460739087240e+01
-2.366497738539202089e+01
-2.209180849048090778e+01
-2.259680572475788907e+01
-3.164049469126153724e+01
-3.008393602168230174e+01
-2.016461738436730045e+01
-1.323229968568266024e+01
-1.387989404285848849e+01
-1.052840778700087299e+01
-1.429835948397716550e+01
-1.889268234682137049e+01
-2.992777269428952991e+01
-3.099600254154580270e+01
-1.566883909930909802e+01
-8.177273868191116790e+00
-6.322866663367140205e+00
-9.018487677181484807e-01
2.111695609395938256e+00
4.996436814841470841e+00
5.831423278822436274e+00
-2.621381878365762308e+00
-1.581402051595510017e+01
-2.314456443760376292e+00
7.901689699391706512e+00
-7.046934468807078744e+00
-3.130801409034844052e-01
-9.649184848513856494e-01
-1.643542190437476957e+00
-2.593578297294436563e+00
-3.810045760497558831e+00
-4.356474566297052320e+00
-5.477774349496514539e+00
-6.846573806706238940e+00
-8.090080202970584722e+00
1.290373044385436652e+00
-2.982845404920437371e+00
-3.047688658239529058e+00
-3.758885961698337219e+00
-2.124353621295324235e+00
-1.073935531128293652e+00
9.823692508564576542e-01
3.054408574997935499e+00
5.093460000972381607e+00
2.903438427024884305e+00
8.066112892606953633e-01
5.085385425840095230e+00
-4.447120956274819847e-01
6.224879604839437253e-01
1.549485322015857536e+00
-9.642372460518672250e-01
-1.902663685269240013e+00
-2.265771527466729385e+00
-3.395193299176646917e+00
-4.899273395597309566e+00
-5.676897831105207182e+00
-4.267998141438425819e+00
5.109863023323513165e-01
3.964050271494150124e+00
6.625577954658480095e+00
8.684096813121993108e+00
8.438817285508761756e+00
-1.876927902285290717e+00
-1.197349308483647290e+00
6.446507248359020226e-01
-1.721336284347308565e+00
1.546921913798201098e+00
6.330990010090941311e+00
7.579957181532255284e+00
4.402221707786509342e+00
3.500680066949250602e+00
6.438537141232075989e+00
7.230631168646292295e+00
-2.516063191087327233e+00
-1.368629455265136352e+00
1.851736560347602423e-01
2.708764559775974412e+00
-2.316227217233689473e+01
-1.960891470873712805e+01
-2.032832959654511029e+01
-2.216320525038329592e+01
-2.483231370799234128e+01
-2.813940874241949786e+01
-3.084126606581047270e+01
-3.120116508604195715e+01
-3.002606407270316780e+01
-2.419058087831319881e+01
-1.846938582089094893e+01
-1.582337495127118210e+01
-1.436132672699788770e+01
-1.715742168493859054e+01
-8.645310128235895064e+00
-2.282922665650602312e+01
-2.906234728682241197e+01
-2.252202895535436866e+01
-2.201161177786835310e+01
-2.292803185781992070e+01
-3.183938443003445329e+01
-2.893125490156815971e+01
-1.512856046746466099e+01
-1.416700495885253908e+01
-1.111209695337100634e+01
-1.170031873697879199e+01
-1.618836945634390645e+01
-1.971167365886437395e+01
-2.557607758059966230e+01
-3.066036466368509039e+01
-1.774148032507326889e+01
-7.930979056789296600e+00
-5.533392001164938456e+00
6.560472571810568310e-01
2.948172806515215072e+00
5.216077662842589113e+00
4.194779181989628292e+00
-4.570010346337889828e+00
-1.181535776161575946e+01
3.340547294261526634e-01
5.147698919304559695e+00
-3.944544426236764156e+00
-7.032756364941833427e-01
-8.824301822322737632e-01
-2.935649897356710447e+00
-2.578248367387419027e+00
-4.083314884820518742e+00
-4.287547816456148020e+00
-5.746839241288032696e+00
-7.066329846834505268e+00
-8.181982381198912080e+00
-7.446078579096975236e-01
-2.977092140701124379e+00
-1.865663804998861197e+00
-3.530334648826891630e+00
-1.263976945114339445e+00
-1.320748965350909909e+00
1.147251461784436044e+00
3.640866362706782766e+00
4.648923638889650434e+00
3.089601491320875581e+00
7.290958784727422648e-01
5.675835920422933611e+00
-1.889362422784869253e-02
2.229872107676162951e-01
-1.710344229068057609e-01
-1.453749475605305541e+00
-1.741862346717331977e+00
-2.356176789049247322e+00
-3.661332509935984358e+00
-4.975116095722983189e+00
-5.459572267184926275e+00
-3.863421891417185172e+00
1.328677498726921549e-02
4.590157861398234118e+00
7.609868702023719678e+00
5.204381707626433595e+00
2.134559043372277198e+00
4.288877079432968920e+00
2.235668445241766111e+00
1.983328209692215349e+00
1.655669754692633777e+00
1.074152968124046037e+00
6.351379693523848680e+00
7.888100921132122245e+00
3.277736178357532726e+00
5.134745266092414440e+00
4.306013464451141637e+00
-3.712053484057186381e+00
1.195674983102024136e-01
6.712199964563442256e-01
9.606201570145977975e-01
2.959266261676375631e+00
-2.035321173090576607e+01
-1.957214698283621956e+01
-2.055905839011621339e+01
-2.259062670893849756e+01
-2.545477066584633974e+01
-2.877633247002906458e+01
-3.115544459350476458e+01
-3.074758197620448996e+01
-2.930782677452121021e+01
-2.351449374884030519e+01
-1.853030372616683863e+01
-1.584742393172454555e+01
-1.540750058328572436e+01
-1.736451284433277209e+01
-1.931282277448137208e+01
-2.508976993071240358e+01
-2.822234540048858520e+01
-2.225039542409583504e+01
-2.205420027826935936e+01
-2.481415635394371222e+01
-3.172900032687382676e+01
-2.782627462739453250e+01
-1.486998919744509706e+01
-8.419055256530361575e+00
-1.053776055989197147e+01
-1.118254913420440921e+01
-1.800175303399255000e+01
-2.336821382647368850e+01
-2.915473010940360865e+01
-3.075828099924152781e+01
-1.804400542514236250e+01
-7.534620749253174488e+00
-4.440363225271654279e+00
-2.997611319161704729e-02
3.364909581151258600e+00
5.624063294737683627e+00
3.112993231138006411e+00
-5.107307981492906102e+00
-1.159854432430511650e+01
1.915866209813897658e+00
4.137041009969021133e+00
-1.557364957205402467e+00
1.742482250538951227e+00
-1.876108872491818014e+00
-2.759399848970120583e+00
-2.893312483376483613e+00
-4.285932995920416211e+00
-4.329291040097562160e+00
-5.926981749734368421e+00
-7.237216500415147635e+00
-8.156538834225859347e+00
-9.291831578867756347e-01
-3.308936369092789764e+00
-2.265852457826079913e+00
-3.289022666817585261e+00
-6.782346253256039681e-01
1.548862008827823766e+00
1.641877716197846837e+00
5.255564691071339389e+00
5.649043317772380668e+00
3.271378099814576945e+00
5.191662510269742237e-01
7.489055358427719078e+00
-5.133776640635960842e-01
3.537956456226201696e-01
-2.481306868429193624e-01
-1.696552051225936442e+00
-1.868778039567460469e+00
-2.394181075986627771e+00
-4.024997301237771552e+00
-5.255968805322285498e+00
-5.403192940243773279e+00
-3.105800985122760594e+00
2.783872844718132455e+00
4.743878525589598993e+00
1.103447957145566960e+01
-1.082475618946596274e+00
1.457254379936415711e+00
1.398602380995658034e+00
2.921032056915362940e+00
3.586005911176775030e-01
9.037355215753678506e-01
1.636034831395722255e+00
7.128115921095401042e+00
4.530852140722585908e+00
3.666375155813507813e+00
6.257895660386376235e+00
5.495691693082953577e-01
-3.291012948879834532e+00
-1.196770574879705062e+00
-3.468404590840308832e-01
-1.729745792533282089e-01
2.924134978814072028e+00
-2.000468052436951893e+01
-1.977283609079585247e+01
-2.099399659891911440e+01
-2.314730212785388730e+01
-2.613599504505774362e+01
-2.937044202186299202e+01
-3.133282140112046577e+01
-3.095488636832810414e+01
-2.758850154133202537e+01
-2.289756872088328876e+01
-1.830118481563157218e+01
-1.567601248764792743e+01
-1.599213823000281209e+01
-1.717663213535293565e+01
-1.949025986320720705e+01
-2.694800217104468842e+01
-2.683547826139323078e+01
-2.141473268757371784e+01
-2.378525790254293781e+01
-2.468784287436826475e+01
-3.067582838842588089e+01
-2.740953273099145449e+01
-1.155938174034355725e+01
-6.453289670446705983e+00
-9.987119983825348157e+00
-1.231153610138719223e+01
-1.889206183859913324e+01
-1.662773518824447549e+01
-2.940772539026144017e+01
-3.075882791341941314e+01
-1.751078488115080845e+01
