# y [pc] 550myr: 
1.500000000000000000e+01
-3.690444752005355156e+00
-1.230377641165100044e+01
-5.672154856027725955e+00
-9.248984713271669378e+00
-1.674562621554134267e+01
-2.988109061463538296e+01
-2.149278425520867941e+01
-1.495783858108404196e+01
-1.850166744782395156e+01
-7.635890529241255997e+00
-6.281859568114874115e+00
1.620538492325615820e+01
2.936817544659654189e+01
3.438709128236414614e+01
3.321261518926310430e+01
3.391045731718205758e+01
3.053205359154619103e+01
2.587142121697846164e+01
1.766848858714119785e+01
7.308422262975195594e+00
6.973538706958283484e+00
8.803633194884319835e+00
3.374722148957659762e+00
-6.858359730182547409e+00
-8.613269399648897817e+00
-6.252260521066284049e+00
3.905349510512968525e+00
-6.966159691600668502e+00
-8.584839207446330889e+00
-1.365459280727444824e+00
3.147967779694496038e+00
-7.431586997769353609e+00
-1.879772228506299570e+01
-2.957320919209259102e+01
-2.867443776658724630e+01
-3.031471716053352239e+01
-2.970738897936745104e+01
-2.724421146234098501e+01
-2.282178162306017555e+01
-1.494591739550770981e+01
-5.119880235329448581e+00
5.080904863080536238e+00
1.407203242664628284e+01
2.966964616563450896e+00
1.003937534988892466e+01
1.546549103505820355e+01
1.616074876960051654e+01
5.360717469969748628e+00
1.993718128627454433e+01
2.320083842769765781e+01
7.198257431598435119e+00
8.395450765370709334e+00
-8.399881318201654068e+00
-7.472804724316413960e+00
6.887223064250262539e+00
-7.924461026992706714e+00
3.018687486523635055e+00
-3.587563941195278883e+00
5.823811954992518247e-01
6.720445947206531656e+00
8.160863674356697572e+00
-1.949703495706259115e+00
-5.097315074884051889e+00
-3.979146849808765207e+00
-3.747135834538751098e+00
-2.516394606829134073e+00
-1.999001629745294384e+00
-3.007763442191157210e+00
-3.223331424534019618e+01
-3.436060022999953389e+01
-2.382723765624871248e+01
-4.281934414879904338e+00
-9.582602584202705387e+00
-2.512119697351114311e+01
-2.137858758341445053e+01
-4.018189868549332289e+01
-3.831628674754963271e+01
-3.465223472071232891e+01
-2.023389017633956044e+01
-1.616815991040092726e+01
-1.140653753417691085e+01
-7.515022910984347604e+00
-2.487315834388714286e+00
-1.112149889748102538e+01
-2.444516884314856853e+01
-3.020586817966993465e+01
-2.470058459564097930e+01
-2.514017729563693138e+01
-2.312491882216225392e+01
-1.846316700641668973e+01
-1.089416492545395343e+01
-8.737079650246906581e+00
-1.580167035417293597e+01
-5.198592827807400063e+00
-1.251643125805489554e+01
-2.385750406722341843e+00
-1.211451255143013483e+01
-2.125925872850095999e+01
-2.624246636863142967e+01
-1.989199137963176511e+01
-1.494884554122031162e+01
-2.321077158484988345e+01
-2.584469263885894819e+00
9.118965525825526441e-01
1.964664339239071467e+01
3.108691451869477973e+01
3.446868778689317026e+01
3.332607968544394339e+01
3.340998580872855683e+01
3.010429607962091225e+01
2.436756956784371297e+01
1.541473484272708561e+01
5.709759526233185056e+00
6.612151893350241671e+00
8.125663323994482212e+00
1.107444849810247378e+00
-7.952984530306343558e+00
-7.339401428393948379e+00
-6.145891414017446763e+00
1.945006837711408476e+00
-6.281227748371765784e+00
-8.650339190020757130e+00
-2.153487498243663811e+00
3.474122964739852382e+00
-7.628421038368988327e+00
-2.012374941730048761e+01
-2.975664257993415163e+01
-2.818678554321221341e+01
-2.998382590227096500e+01
-3.047972084570962181e+01
-2.676430110505544135e+01
-2.140920162560910356e+01
-1.305017446396184688e+01
-2.932362674076997244e+00
7.941877635498791221e+00
1.283988897613145852e+01
3.935947942214685469e+00
1.225969778001098476e+01
1.533955490014193046e+01
1.637320590238443430e+01
-2.773578548410645883e+00
1.456061354573984268e+01
1.549165278545875779e+01
8.459160564781891267e+00
6.233226426208695159e+00
-6.675488437230052696e+00
-4.139892094250039456e+00
8.153251395408327440e+00
-1.342057074169565745e+01
-2.741886602881789425e+00
-3.010969082143744036e+00
1.775286539204991243e+00
7.265913549038018004e+00
8.513761267768165553e+00
-1.821054843452050376e+00
-4.802601489875066854e+00
-3.833283571650401900e+00
-3.975948733070084451e+00
-3.638495676423395775e+00
-1.780431211749938347e+00
-6.277929560382428775e+00
-3.475163587127673281e+01
-3.269816997268198833e+01
-2.130886813801085111e+01
-1.361484366973569493e+01
-1.279662856242198288e+01
-3.074752499177070675e+01
-2.609838436881609525e+01
-4.050365890266911606e+01
-3.258371880694038936e+01
-3.258405867187507710e+01
-2.035147052910782861e+01
-1.441340683524714983e+01
-1.053811506977819512e+01
-6.965877886857961165e+00
-9.525863522931931726e+00
-1.210290306477752331e+01
-2.540586076502967927e+01
-3.130762311151901400e+01
-2.571497587832546472e+01
-2.507660851825002268e+01
-2.336041230720284290e+01
-1.687018773950680028e+01
-1.352066904114353996e+01
-7.939505145499175853e+00
-1.450896134117974690e+01
-7.346682213662705685e+00
-1.216939264326647674e+01
-4.968417686323355120e+00
-1.401789940821723413e+01
-1.723200865569500451e+01
1.532282642549093410e+00
-5.032348508429492995e+00
-2.782986668143580644e+01
-1.554997270759517214e+01
1.007088658510205681e-01
6.381812244831784220e+00
2.254869602757156954e+01
3.228813984139365090e+01
3.221910229738158904e+01
3.505647651372802187e+01
3.281471616221625709e+01
2.934249114766163302e+01
2.253508808260468754e+01
1.390643135871014557e+01
2.756886516547200294e+00
7.746511907042926026e+00
8.001286165122197147e+00
2.762793239853856830e-01
-1.022187668435773311e+01
-5.753806661720740401e+00
-3.484239339269371794e+00
3.166964218418197863e+00
-2.031378594396108461e+00
-9.052481154731259139e+00
3.029160528479098780e+00
2.591315998733498382e+00
1.404826382998569434e+00
-2.217371631215271321e+01
-2.938347155134198374e+01
-2.968667042448673854e+01
-3.167926135980752633e+01
-2.921187845817289741e+01
-2.638796954842651488e+01
-2.006250060926436163e+01
-1.123551450993534395e+01
-1.252675987670388846e-01
9.893447894942349663e+00
9.782994085341083945e+00
5.552420481191062684e+00
1.915489186266608002e+01
1.882658914572041553e+01
2.216339102518352888e+01
1.647570003520955950e+01
9.493018272745349151e+00
6.226843441789563727e+00
1.048134189868249422e+01
7.429408959786583111e+00
-5.998568432542429107e+00
-7.926732829860380747e+00
2.425188914030044440e+00
-2.077434254726287577e+01
-2.598237343311487813e+00
-3.402130849269402457e+00
4.316582284518848844e+00
9.569182296743191429e+00
8.630152640535323272e+00
-3.429241714417721187e+00
-4.549245856845983482e+00
-3.895652576390642441e+00
-4.212864700623581982e+00
-4.787753389381514957e+00
-6.501300544935935122e+00
-1.967261156328362404e+01
-3.612357123139513959e+01
-2.955039520224415384e+01
-2.067124247923779734e+01
-1.181158685475810799e+01
-1.457170118344182086e+01
-4.097675517326935335e+01
-3.081917909648086962e+01
-4.099132788728521604e+01
-2.782052739529033047e+01
-2.739053522706292654e+01
-2.308191188648901004e+01
-1.511086075574755938e+01
-9.694952891746403623e+00
-6.431370210436053725e+00
-1.017203774418526940e+01
-1.448511420063279687e+01
-2.732005319947632316e+01
-2.319941035342416669e+01
-2.639556043957901110e+01
-2.432100860246658414e+01
-2.309234491273934964e+01
-1.534696820098696612e+01
-1.046317724915516756e+01
-1.026889741322699123e+01
-1.524540850712547879e+01
-8.603828314923950060e+00
-9.714100079978447155e+00
-8.061664048456462339e+00
-1.923963223671902867e+01
-2.684666109076260199e+01
-1.250439206211515142e+01
-9.641841113296596433e+00
-2.088336895095700285e+01
-1.995164526875914746e+01
-9.947660922812808337e+00
9.667962778220449138e+00
2.444487344926057304e+01
3.320314957441736681e+01
3.290986107224784263e+01
3.497069104431221120e+01
3.139530817498262394e+01
2.866481969994532975e+01
2.142878226854729462e+01
1.192398399420051369e+01
2.808267339387021666e-01
8.767018652268365742e+00
1.223299230060962550e+01
-3.208122272016256993e+00
-1.043310720356724453e+01
-3.740216907303028915e+00
3.201208408894490542e+00
1.025287800859622234e+00
1.452756969717777347e+00
-7.962349258809974906e+00
9.134536304872527879e+00
8.361438436271323438e-01
-8.361550329463749875e+00
-2.695067793846403603e+01
-2.962932762389710462e+01
-3.062717320514383701e+01
-3.152702589309902237e+01
-2.849333604644073858e+01
-2.541596581422563261e+01
-1.995771604657533871e+01
-9.616665498350293717e+00
1.383423585444255366e+00
1.249391387892796956e+01
5.478239687415499937e+00
7.552357030715052488e+00
1.496337215904917883e+01
2.600083287855443359e+01
2.061393583237913063e+01
1.667651794852880087e+01
2.961662132572727302e+01
4.960550273324122017e+00
-1.564280495732821130e+00
-3.773996342648550328e+00
-5.769464018923024184e+00
-6.771863040944984036e+00
7.603020606064418097e+00
-1.122306242846399238e+00
-4.128331519354890844e+00
-7.418735552997104854e+00
5.376974493209852213e+00
7.940750436721585537e+00
8.800153446963992820e+00
-1.066310871290945483e+00
-4.262474942870614569e+00
-3.874949661237634846e+00
-4.942772238764611359e+00
-3.762279522885214611e+00
-3.817418323808963176e+00
-1.276242835471466286e+01
-3.721386210177524845e+01
-2.602990630960328744e+01
-1.997145394451583655e+01
-1.149269188606973380e+01
-1.782779313316015291e+01
-2.418334495516066340e+01
-3.401514274381438696e+01
-4.079259128191668538e+01
-1.634803831209600489e+00
-2.487865364193253015e+01
-1.858504512223774796e+01
-1.335065033021085412e+01
-8.694031639626704333e+00
-5.756569411072695708e+00
-9.437214279657970550e+00
-1.561984462111268179e+01
-2.717323923810022279e+01
-2.314084979701526379e+01
-2.619799554835132938e+01
-2.401726388800345546e+01
-2.082195153500651941e+01
-1.413206657861204540e+01
-9.568957788936089059e+00
-7.665322073259385860e+00
-1.774101880308711188e+01
-1.096504509726437249e+01
-9.271432543403253845e+00
-9.139490462583744090e+00
-1.295162451952099758e+01
-2.410337335171561790e+01
-1.786756478026254058e+01
-2.155450210154195645e+01
-2.377613306618432176e+01
-1.147407958260594185e+01
-1.100117677365752833e+01
1.567553334498787621e+01
2.475487380326734765e+01
3.345425215376810968e+01
3.304962237094762401e+01
3.437808053603212244e+01
3.089511738387786721e+01
2.739909229021950310e+01
1.966419720747515498e+01
9.349330520952754853e+00
-1.509365612599621098e+00
1.355769312588242315e+01
6.095813912508712740e+00
-5.920745785045700593e+00
-9.057987220830510111e+00
-5.084695701677222068e+00
4.119498838615675673e+00
-5.664321225884447308e+00
-7.573707291074614822e+00
-1.507084789554906434e+00
6.704159516571604804e+00
2.518591547343405956e+00
-1.680811042431599844e+01
-2.895892902040780115e+01
-2.851393486843903702e+01
-2.965037270316728168e+01
-3.078608381688583506e+01
-2.765410127588416245e+01
-2.400336026514827026e+01
-1.683278138800173451e+01
-7.334913212413821881e+00
3.212934252307938277e+00
1.400442255587223173e+01
3.252226066441482821e+00
8.321317243060494917e+00
1.451118996346801815e+01
2.559658307846726544e+01
2.352336952944834536e+01
5.780879575818283378e+00
2.488237862385240717e+01
-8.281299052319732734e-01
-4.842938809526688537e+00
-5.150985007259675896e+00
2.810657465043175374e-01
4.438138594615601562e+00
7.493604965445643806e+00
-2.360450634353216337e+00
-5.506035712501133439e+00
3.812346714403199166e-01
4.470900160398182166e+00
7.616697251622689180e+00
1.037525261949277144e+01
-1.943428326804719664e+00
-4.127971645814298540e+00
-3.762671288927807556e+00
-4.093556871105208828e+00
-2.980831725849287128e+00
-1.998761022580780367e+00
-2.463175942962335796e+01
-3.623096399568966319e+01
-2.499494064572408192e+01
-1.841252241929926825e+01
-1.256216233504050095e+01
-2.087812916034098976e+01
-1.529928296865142201e+01
-3.747392957015516401e+01
-4.003291675398066474e+01
-4.765011551763354447e+01
-2.264366539024500113e+01
-1.785999130817321756e+01
-1.241418149249016523e+01
-8.149902894249592578e+00
-5.434948076332124955e+00
-1.006280153993949789e+01
-2.057528152827357459e+01
-2.858420358511641979e+01
-2.279927988561987462e+01
-2.580484380292334734e+01
-2.363322579318562688e+01
-1.692456174448827610e+01
-1.113500085419665275e+01
-1.102380931700305489e+01
-6.112418222601832873e+00
-1.728431202096972896e+01
-2.737891066865426326e-02
-1.212535444017972175e+01
7.756671250152620267e-01
-1.048624910175581348e+01
-1.986535028957538884e+01
-2.988563457483164498e+01
-1.288221414663494713e+01
-8.367094887378925705e+00
-2.137822677179085673e+01
-1.822680057213792892e+01
-1.002427751988353855e+01
1.040394289967604990e+01
2.594617483880668019e+01
3.486573514097993609e+01
3.464695271647953945e+01
3.646649947023036731e+01
3.333751014406436042e+01
2.952255411306944666e+01
2.232281367648379700e+01
1.205076779166763146e+01
1.045593097982754571e+01
7.356090502941642129e+00
7.063122966156821114e+00
-3.510528440267112860e+00
-7.705801390868872502e+00
-1.011350395940961278e+01
4.970378554411708727e+00
1.532321497420133571e+00
-1.419299428899407189e+00
-9.760664646976659142e+00
8.325708684171064800e-01
8.183429711681091234e+00
-1.584050992352367970e+01
-2.826659413498089890e+01
-3.181080366411215010e+01
-3.156431282787777448e+01
-3.323566551959442705e+01
-3.052465075736433064e+01
-2.669036044909822891e+01
-1.846307711450869959e+01
-9.792936775068531219e+00
1.748128070698011127e+00
1.072273698835101285e+01
3.266334042344219757e+00
4.484543758435908245e+00
1.603268332146557285e+01
2.676277557643044958e+01
2.630290955454413293e+01
1.776980450795264588e+01
2.991812593840854362e+01
1.088514438167864462e+01
9.004583122123205996e+00
-4.330918278727470927e+00
-6.106365583686554466e+00
-9.913970776313377087e+00
-6.881512723102400919e-01
-3.773511913795134287e+00
-3.991660417212793632e+00
-3.790528718960791021e+00
4.308182075036769199e+00
9.040032240925899742e+00
-8.415578001477164172e-01
-5.388201927595831719e+00
-4.491020077521925558e+00
-3.929759048645572239e+00
-5.537036528293477922e+00
-1.525344349029003732e+00
-3.012965395732399632e+00
-2.438898513761996156e+01
-3.373772999238144621e+01
-2.192529229946613967e+01
-1.762179690896594408e+01
-1.186297061455909407e+01
-1.744958209523070281e+01
-2.648969353463542475e+01
-4.029158057851713437e+01
-4.030987069303093762e+01
-3.036367746961768077e+01
-2.170284031434167105e+01
-1.687282457427206595e+01
-1.161330840502404982e+01
-7.683433995921290283e+00
-8.024126191182851642e+00
-5.698871553124623901e+00
-1.858579720166208915e+01
-2.399587994240919997e+01
-2.634064684808355850e+01
-2.681097348463431729e+01
-2.577575135153860586e+01
-1.693956141304482088e+01
-1.039374236622888148e+01
-9.233050846339429185e+00
-1.694270319340596131e+01
-3.471395957263499366e+00
-1.217630660697212264e+01
-1.888630156206312138e+00
-1.161151424859769321e+01
-1.635007898054847075e+01
-2.740721941287645436e+01
-1.863078149218632973e+01
-2.141280067619718253e+01
-2.194266794988095981e+01
-9.191297961551736506e+00
-1.049760388158813385e+01
1.549143429918684767e+01
2.764064968904627051e+01
3.560196251009623580e+01
3.445359905767347897e+01
3.550942699952501158e+01
3.289459311740491643e+01
2.838929249524424137e+01
2.055452977972399253e+01
9.426494381444333825e+00
7.346703843929605959e+00
9.251090784466034833e+00
5.465066304221530835e+00
-6.283201872269586374e+00
-6.042905161209214171e+00
-8.201475233185901104e+00
4.330111214690412602e+00
-4.335579928808890315e+00
-9.006738599461117545e+00
-4.409333801864700142e+00
2.883297830909428594e+00
-5.940921428852847797e+00
-1.968866169866271676e+01
-2.913628462257054608e+01
-3.188364437769602233e+01
-3.147638589636791906e+01
-3.188702944485105206e+01
-2.960951481446996070e+01
-2.508105090566835926e+01
-1.753523863570222829e+01
-7.318496409404803060e+00
3.820760248093424849e+00
8.124110053150209509e+00
5.153089117879070535e+00
1.014572193256482358e+01
1.589360013522748183e+01
2.655725800550601434e+01
2.926354767537956647e+01
1.901978650718092689e+00
2.136041980128385021e+01
7.371791280673083424e-01
8.350720842433887015e+00
-5.919281224166155653e+00
-4.291932522565421237e+00
7.211000193702991723e+00
5.749579454388338284e+00
2.595690808984309594e+00
-7.335830496947757240e-01
-1.138384246962724999e+00
5.209921552256637334e+00
1.238149864709303216e+01
-2.097375278367257678e+00
-5.146414872594991863e+00
-4.527779980541813742e+00
-8.593494186878238850e+00
-4.348343126749752763e+00
-1.737744855018133139e+00
-7.402716721909204933e-01
-3.829608220040734778e+01
-3.077990338533421522e+01
-2.147910394989621352e+01
-1.702550981476755254e+01
-1.044381181129311642e+01
-1.970319752002857783e+01
-2.771734032975981776e+01
-4.208922610476211190e+01
-3.829604682707113028e+01
-3.205623388676230689e+01
-1.922019413910924612e+01
-1.520222125896206933e+01
-1.091643951115732314e+01
-7.230243479329995893e+00
-4.164748630047632183e+00
-1.467815140019540898e+01
-2.527559193565320328e+01
-2.682312731982338150e+01
-2.485088660430847085e+01
-2.643911721143827265e+01
-2.573700331068373970e+01
-1.725759746340133916e+01
-1.371263354526063516e+01
-8.290843875107940519e+00
-1.916653392740773754e+01
-4.248475093738883324e+00
-1.279442213555530472e+01
-4.719654307813295091e+00
-1.241388385909925240e+01
-1.863866832568599463e+01
-3.087660764956763515e+01
-2.033190784322011524e+01
-1.512835125112701995e+01
-1.773972198253152044e+01
-4.871714538391939797e+00
1.130371173180368061e+00
1.797448422900372833e+01
3.071969031070004519e+01
3.548125911293014667e+01
3.654549677009961783e+01
3.464259475337014749e+01
3.245922839750093658e+01
2.689163467286982367e+01
1.815287351055811982e+01
7.264207730540588770e+00
6.066891065319973464e+00
6.231203822788907054e+00
2.996651840322165583e+00
-7.003423757089489499e+00
-7.649214787126251025e+00
-7.322493620915555113e+00
2.919676607371678223e+00
-5.685298297552792590e+00
-6.276639110722502579e+00
-1.750197423850491818e+00
3.314357005679953172e+00
-6.375151606709476226e+00
-2.144609349739451432e+01
-2.945387206576578976e+01
-3.076564401050469755e+01
-3.238351492896487827e+01
-3.089189767653645902e+01
-2.908960436109264336e+01
-2.382767048893472506e+01
-1.547931061068626413e+01
-4.951542262572341535e+00
6.560565606447606335e+00
6.937923866996902333e+00
5.135786786410923455e+00
1.189784076997915108e+01
1.709004385113348334e+01
1.549015980486001887e+01
1.970670060201596741e+00
1.885514043619421543e+01
2.279127835023968274e+01
6.507794752871823185e+00
6.795996844159934547e+00
-7.156051768791254375e+00
-7.416740852217829527e+00
7.006508435626839670e+00
-7.104108445954854467e+00
6.486146750028757957e+00
-3.659808538665356714e+00
-1.932441908418628673e-01
5.882238720399905141e+00
1.361897241491788257e+01
-2.299796352941074762e+00
-4.926429044258366474e+00
-4.330609052382546231e+00
-4.484858175262898428e+00
-3.085254000673145036e+00
-1.198250124423692053e+00
-6.854819305290615006e+00
-3.565698393794257015e+01
-2.891026074436299709e+01
-2.171537331067522203e+01
-3.143308729776767052e+01
-9.318732529654367269e+00
-2.248249823732657759e+01
-3.071330606557498299e+01
-4.298185081929811702e+01
-3.657592502954323521e+01
-2.994710294911258330e+01
-1.633913824821841132e+01
-1.434818470175597760e+01
-1.006211101810550446e+01
-6.759854463542365188e+00
-9.014874092383688975e+00
-1.372318427864811774e+01
-2.946220196177885597e+01
-3.145058049142019740e+01
-2.589149150325243909e+01
-2.323739965949323860e+01
-2.608517438321647575e+01
-1.463973929550547126e+01
-1.380158297876252149e+01
-7.036800929159364060e+00
-1.564789253892236154e+01
-5.675583994912192232e+00
-9.181501165674772480e+00
-6.719155457696952993e+00
-1.450831571359672267e+01
-2.143326821320366804e+01
-2.912937787136965184e+01
-1.935210969555964056e+01
-1.485998044765731585e+01
-2.155461084249931858e+01
6.289429795957854452e+00
-3.594231183414516195e+00
2.137763213233304427e+01
3.243386994173661719e+01
3.506348255978022621e+01
3.722702448501995320e+01
3.412721434314171631e+01
3.176958697608250048e+01
2.545815372791307851e+01
1.604680070161598238e+01
3.017300697954611532e+00
4.978448097595610022e+00
5.976076921134819919e+00
3.775047357885275012e-01
-7.081666022134461613e+00
-8.190157485021977379e+00
-5.013977831015426823e+00
-2.240615160124178051e-01
-8.619193903244191546e+00
-9.175685833299553451e+00
-3.331980400362180017e+00
4.233195643997242463e+00
-9.618882590031269331e+00
-2.355372132595011436e+01
-2.778280371251009484e+01
-3.114227405910665070e+01
-3.354625694219321019e+01
-3.067685270203100245e+01
-2.842545072076625345e+01
-2.244507900524648036e+01
-1.332391070597553551e+01
-2.696585686514543223e+00
8.926298750595927700e+00
5.217906212416470346e+00
5.886687742009812929e+00
1.419179050766836170e+01
1.634513807701147670e+01
1.378238384490539126e+01
-4.856498332515451821e+00
1.214109009352733359e+01
1.588300030792751016e+01
9.873639893099602105e+00
5.865124660337699858e+00
-7.846080105043777841e+00
-4.208589982757496628e+00
9.082606711038733849e+00
-1.129597776871652037e+01
1.985006544551668473e+00
-8.853683852775171559e-01
1.923912096299955632e+00
6.019067571526180771e+00
1.321327889896662278e+01
-2.291337795389029708e+00
-4.751153643721329978e+00
-4.368288280669400336e+00
-4.668115580573561019e+00
-3.106790600483735787e+00
-1.084951628233754573e+00
-1.017020983071374474e+01
-3.657510010166485159e+01
-2.744056225867788257e+01
-1.922786769079430513e+01
-1.522709271156923450e+01
-1.227303386228442506e+01
-2.510958189945201369e+01
-3.403897058653444674e+01
-4.283389257098334468e+01
-3.458762237905488490e+01
-2.662301298317326115e+01
-2.685866959620468108e+01
-1.433569105881326244e+01
-9.296444783349675944e+00
-6.339911106121314255e+00
-1.540044945312614821e+01
-1.601598488123241992e+01
-2.870019358505451734e+01
-2.845813513092981850e+01
-2.636969205020712437e+01
-2.398976952370775351e+01
-2.224597235128283756e+01
-1.436491989364816924e+01
-1.035655803612548986e+01
-9.505457202793234472e+00
-1.404653208124559249e+01
-1.009527690647860609e+01
-5.165342963261641884e+00
-7.994040363554161921e+00
-1.550564219535772459e+01
-1.488982305879650525e+01
-1.744594764685375221e+00
-3.063144671663367902e+00
-1.270666154442375095e+01
-1.654578082069433975e+01
-5.585593265654029693e+00
5.743693042455368492e+00
2.456903026728065598e+01
3.394913963814430957e+01
3.481686321317725685e+01
3.698665221588218088e+01
3.367137581311115468e+01
3.059902358112250553e+01
2.361558418273754967e+01
1.412446046636328312e+01
2.607109061616569967e+00
6.885860406974344095e+00
7.137153830499118001e+00
-5.300619542934711381e-01
-7.794440408630208594e+00
-1.166860367790559572e+01
7.964288308108196102e-01
2.398256018718586180e+00
-2.513195681528220149e+00
-9.558273419127662152e+00
1.364599842794243933e+01
2.748015938985838957e+00
-4.355080847043820924e+00
-2.334890578472655420e+01
-3.003866164090700863e+01
-3.132882028769686755e+01
-3.351227419184553469e+01
-3.069358823921644586e+01
-2.773844875288123291e+01
-2.102878151260668815e+01
-1.133360788641047101e+01
4.798883570303238977e-02
1.052036110457551565e+01
4.732491034500101001e+00
8.248019088055041692e+00
3.615900480899542635e-01
1.378973676515110114e+01
2.180572438627461906e+01
1.734060532674397592e+01
1.872776850602867782e+01
2.076703142800687729e+01
8.317627628667215944e+00
5.390053624442085578e+00
-8.487905935127635360e+00
-5.423339793730561631e+00
8.116357497089282447e+00
-2.678869781309981590e+01
1.547944377502156188e+00
-4.355845049666518420e+00
4.138322761680180761e+00
8.272978789098530683e+00
1.134929038209408070e+01
-4.075677222059527871e+00
-4.508104441363025572e+00
-4.085888955082136675e+00
-4.662549316086269435e+00
-4.989930111169917026e+00
-9.396968947170245556e+00
-2.869085981129743601e+01
-3.512548605879524644e+01
-2.470994143411128263e+01
-1.991789929569864981e+01
-1.247047106395145555e+01
-1.405883223317555419e+01
-3.016559822065437757e+01
-3.736988796982213046e+01
-4.193547251571782652e+01
-3.170975694627070496e+01
-2.387591458241191233e+01
-2.009828110972564019e+01
-1.292121806471752166e+01
-8.580927009989803622e+00
-5.887773394982989572e+00
-1.152512644624405169e+01
-1.966193894666550079e+01
-3.019242915423995299e+01
-2.503870081080032506e+01
-2.672762647088632448e+01
-2.095004851985147099e+01
-1.979030044260430188e+01
-1.467169354051168106e+01
-9.293736452399905090e+00
-9.506789168812908031e+00
-1.284682739030711751e+01
4.239888008209263148e+00
-1.030619212467420454e+01
-6.301388083149198849e+00
-8.100878261004622161e+00
-1.629397363930997145e+01
-2.310159179263038709e+01
-2.991974363199333098e+01
-1.912890242835503329e+01
-1.562805933194627173e+01
-1.912938530427939909e+01
3.608152789450407738e+00
2.001663677343668013e+00
2.393339078442749468e+01
3.420402844031768552e+01
3.665277780649499562e+01
3.815760484336194480e+01
3.585761051027843394e+01
3.278428394438785887e+01
2.621119160651113589e+01
1.636371018106611075e+01
1.812243808839734349e+00
2.103436253645928566e+00
6.133919761933476877e+00
-2.977366695824636977e-01
-5.624892157071849752e+00
-1.388407484343131415e+01
-6.551254810990122301e+00
4.491535390203651446e+00
-2.731072393699399914e+00
-7.694960292337707841e+00
3.887585407729111431e+00
9.916734462329644728e+00
-1.025794192991249432e+01
-2.481835746888951988e+01
-3.080246019998525853e+01
-3.273498341123432454e+01
-3.466176472576216128e+01
-3.248756263085471119e+01
-2.959987078946814876e+01
-2.313409512341006291e+01
-1.325924425248299521e+01
-2.191486601978174242e+00
6.866330971267022854e+00
6.778630357193231148e+00
8.604793481550927936e+00
1.578779440841254456e+01
1.707858278180002287e+01
2.052273878767362447e+01
-6.580992752422896608e+00
1.782936016266888402e+01
1.462707722427143686e+01
8.064883063740742486e+00
6.522911913248530702e+00
-8.731979283911821099e+00
-6.635536960432532716e+00
8.047781770786775368e+00
-8.673217020811799571e+00
4.443484081417894416e+00
-1.377814881391090429e+00
2.546556293346511790e+00
7.938871857483456473e+00
-2.598135086500263036e+00
-5.777970624864150473e+00
-4.668208599181506102e+00
-4.993783740661231541e+00
-4.614915025255933223e+00
-2.739825744885122649e+00
-2.147260667727008077e+00
-2.286251829717531336e+01
-3.220520540187271763e+01
-2.283788991424437143e+01
-1.425259736493674012e+01
-1.955132332702235232e+01
-1.244173653813221314e+01
-2.528998568934378355e+01
-4.022530572630478218e+01
-4.221217991942682346e+01
-3.517690029682559327e+01
-2.239588123848604084e+01
-2.018893466851586993e+01
-1.216515175467391252e+01
-8.156988206876361502e+00
-9.508523523647648190e+00
-1.120580021475229060e+01
-2.239495446088419683e+01
-3.040150972829437137e+01
-2.638014970130641501e+01
-2.666323141341605663e+01
-2.050075721563800002e+01
-1.850592360706985673e+01
-1.509899076169842047e+01
-8.621302453443432157e+00
-1.397651998123703088e+01
1.848408076868257366e+00
-1.070118294859441832e+01
-2.852168133564187524e+00
-1.046865634343702034e+01
-1.798735483964341242e+01
-1.791644905182572600e+01
1.561571243650162977e+01
5.408794720778061560e+00
-2.950307785608468336e+01
-2.282609207190667178e+01
5.362144084965340257e-02
1.003993244534375329e+01
2.649056714904653731e+01
3.579312219672642925e+01
3.684716290008613271e+01
3.769547066548837932e+01
3.555983757170001525e+01
3.175167794020745404e+01
2.447951192022163269e+01
1.380577247139265040e+01
5.844521257291170890e+00
5.472338664316358070e+00
6.697882584017160745e+00
-2.015352050981057630e+00
-6.509177103574906198e+00
-9.596142587834789239e+00
-4.377796841037524089e+00
5.825529024266269396e-01
2.038368776635770985e+00
-4.924433751192999864e+00
3.204394239345481843e+00
6.790978563196250484e+00
-1.299311125867141747e+01
-2.620200604281416545e+01
-3.242621583490365111e+01
-3.305221992785395457e+01
-3.422193869161157664e+01
-3.232241213540900304e+01
-2.845980822317091352e+01
-2.127413512737553347e+01
-1.137869326095641398e+01
1.681930702267979250e+00
7.391014833700709552e+00
6.202296482376334019e+00
1.034825652254383321e+01
1.425027339779255264e+01
1.661513731197377552e+01
1.236225739777446186e+01
2.041929748468028905e+01
8.209201738313570473e+00
1.213608498613747066e+01
7.272762308836266065e+00
7.134546888371050777e+00
-6.426131405499180715e+00
-5.116058904200326829e+00
7.405788999908652137e+00
-1.232967064128568069e+01
3.974275979089413546e+00
-2.319613746680563526e+00
-7.370486864273696481e-01
1.125268694474255859e+01
-4.592728671910239591e+00
-5.719302370875828601e+00
-4.546010665599161449e+00
-5.142486312343348409e+00
-5.027314940038119850e+00
-6.189646111721081034e+00
-1.265772801020771610e+01
-3.690180296586475350e+01
-2.913755197657653895e+01
-1.986260508249644019e+01
-1.687807698090550090e+01
-5.664882295929520417e+00
-1.506738099797501818e+01
-2.839520117175518266e+01
-4.259054328095885467e+01
-4.045343896930824457e+01
-3.171397081703547727e+01
-2.051826595875592929e+01
-1.582816214948561040e+01
-1.136097727404057700e+01
-7.775018087402457034e+00
-8.996564093323412337e+00
-1.300911031683290098e+01
-2.535066121600207012e+01
-3.147676112052664621e+01
-2.658941893715056892e+01
-2.682147605754736475e+01
-1.308902072143819240e+01
-1.628645742901652582e+01
-1.076928810264824321e+01
-1.015540430229271429e+01
-1.179089318819530696e+01
-7.363277275044480819e-01
-8.990006686344880649e+00
-3.944968914984358310e+00
-1.176017786291802913e+01
-2.396193242822311831e+01
-2.746688517084292513e+01
-2.799491483284196036e+01
-1.114116570257188954e+01
-1.990561319205249191e+01
-1.778416721361414332e+01
-1.325908241084831474e+01
1.526364634885289462e+01
3.460300025273275537e+01
3.630886242686140974e+01
3.670635829605314626e+01
3.617330078524076242e+01
3.464086557124405630e+01
3.047762019972614667e+01
2.290007876657717389e+01
1.182551063811081526e+01
7.694454264841764868e+00
1.201574223658067808e+01
6.233804840395345437e+00
-3.365927159313533590e+00
-1.009517233503416556e+01
-7.768342127176357970e+00
4.211072320032243965e+00
-4.090037443989735344e+00
-9.351432936386554484e-01
-8.248103860123972453e+00
1.662985512645353658e+00
2.728908350106612479e-01
-2.557526452863323030e+01
-2.693886306562981403e+01
-3.347849206716186643e+01
-3.357506427927895487e+01
-3.339397981569766927e+01
-3.210068682361080761e+01
-2.764395147282392173e+01
-1.915991172931709485e+01
-9.573239950088572314e+00
2.937109647602019535e+00
6.865547150654306208e+00
5.286872806995204677e+00
9.065424963184247176e+00
1.647961695822349526e+01
2.356626482894083452e+01
3.373797105780894157e+01
7.529756200141719980e+00
2.882189982733539324e+01
-2.683570003327921394e-01
6.364629330120908257e+00
1.331409378425951751e+00
-5.913348014874914682e+00
-5.720092086748733706e+00
9.347106341783927519e+00
-2.573079195756627868e+01
-6.154346403242609842e-01
-3.052451065312091316e+00
3.322309242388806982e+00
1.114161492764668182e+01
-6.895296748461038350e-01
-5.377838283142531317e+00
-5.049403261822632771e+00
-5.286191539208756396e+00
-4.131252740156456937e+00
-1.050835480178520687e+00
1.229200723524607408e+00
-3.287318541041185682e+01
-2.827765736998286528e+01
-1.469803416000666019e+01
-1.559030531155518773e+01
-1.327499861205161835e+01
-1.779169402688360435e+01
-3.129418652205634288e+01
-4.391950368676688043e+01
-3.875423314615708392e+01
-2.919697249246529225e+01
-1.801617092079769833e+01
-1.451528171248932964e+01
-1.033872281729330567e+01
-7.145636373090319182e+00
-5.550605314339206231e+00
-8.490571722004322197e+00
-2.515968028280176227e+01
-2.857144096272961775e+01
-2.693397328239643684e+01
-2.604395322816513314e+01
-4.880609330585284056e+01
-1.497874374371237316e+01
-7.680018920041597141e+00
-8.581281374071945578e+00
-6.222036969459717959e+00
-4.181822138411823708e+00
-5.833351456601694629e+00
-5.622038771669382484e+00
-1.247187481533601705e+01
-1.877106014127726041e+01
-2.781317992991227683e+01
-1.608989153684848716e+01
-1.712155414843183365e+01
-2.118266221375931124e+01
-1.321622609869642950e+01
-6.456858502983522818e+00
1.673273472882438995e+01
3.021429482931394261e+01
3.681561249500775546e+01
3.755958077516032034e+01
3.626920155966661952e+01
3.442704514115575165e+01
2.926361025993460174e+01
2.084097317724473086e+01
9.115063507748050853e+00
5.000538760724563048e+00
5.945731891302145300e+00
3.701146917100133216e+00
-4.838102056427812769e+00
-1.280527754902983872e+01
-6.424412144727861929e+00
3.129678409189760036e+00
-5.814835287690083732e+00
-7.108860607979182511e+00
-2.539719712876610469e+00
3.280398212037183736e+00
-4.476070684161004287e+00
-2.252817233927194351e+01
-3.109387877592848426e+01
-3.252827639347897559e+01
-3.371795116686223537e+01
-3.301114628797053285e+01
-3.125992594028694782e+01
-2.602523227300029873e+01
-1.766413810411892626e+01
-6.958502206891820308e+00
5.552295798011471994e+00
7.303489147634248724e+00
7.561366091404122081e+00
1.200723814215015217e+01
1.715532323568126571e+01
3.042129051095600190e+01
2.424012451403351420e+01
2.351472364996414210e+00
1.526998892924226858e+01
6.754656723037310684e+00
6.452322405139644168e+00
-4.065087803561158175e+00
-6.730723800444973648e+00
5.252610104375809108e+00
4.006892197738892492e+00
2.441193977192112730e+00
-2.291421716418040155e+00
-5.354313288207070975e-01
3.551275796923961892e+00
1.029370733818922190e+01
-2.149045993598843740e+00
-5.121111215361395352e+00
-5.053323659790243561e+00
-5.482767739336518176e+00
-3.589996243487989513e+00
-2.931136267250420979e-01
-1.139776686048547383e+01
-3.341935820826938652e+01
-2.541336606395747921e+01
-1.844155933344227449e+01
-8.317137420208064569e+00
-2.854101454225514534e+00
-2.065068005198112999e+01
-3.423129322278827402e+01
-4.431421993180149599e+01
-3.766382487350512775e+01
-2.716320543874735449e+01
-1.272444716634834272e+01
-1.434664003261397625e+01
-9.587612111482508581e+00
-6.603313173765427813e+00
-7.871665651012722975e+00
-1.413076578291835084e+01
-3.051229282127560083e+01
-3.071898628869498893e+01
-2.644613773517654565e+01
-2.616911277455297125e+01
-2.480569500387863968e+01
-1.297196038275841623e+01
-1.364725120270137992e+01
-5.509735657840723277e+00
-2.161381219463973835e+01
-6.692366092025599400e+00
-5.341344099521992739e+00
-7.735558688617737211e+00
-1.405070452876722342e+01
-2.059665519928829625e+01
-2.831543961093077399e+01
-1.898611604035981415e+01
-1.488514355572376147e+01
-1.812385168240467692e+01
-1.238982156169196713e+01
-1.239066607069196913e+00
2.090127136042151790e+01
3.244822126972982090e+01
3.671068168650273122e+01
3.825973988330333952e+01
3.617888434008047938e+01
3.372340387578158527e+01
2.764414184900988758e+01
2.006933178210629976e+01
6.825117314586242934e+00
-7.450375908432579353e-01
5.968114758544295739e+00
2.290976202586234134e+00
-4.923813700283056427e+00
-1.299900492329726731e+01
-5.444652176558157919e+00
2.276039682467990488e+00
-7.398135581161279006e+00
-7.461143487419095166e+00
-6.057088189640467135e-01
3.769241503309315622e+00
-8.993130905604997949e+00
-2.389138572887625855e+01
-2.697457612370639879e+01
-3.310832035025750031e+01
-3.575415605443147626e+01
-3.286924213531532502e+01
-3.049949890227482641e+01
-2.468102634905778814e+01
-1.560385335153181785e+01
-4.479137827813035599e+00
6.890229030117244413e+00
7.337677593757420347e+00
7.835745603469847609e+00
1.356849577014367192e+01
1.931364160173243150e+01
1.546273718272184894e+01
-4.132575620157698637e+00
2.085042736233665650e+01
2.090197848870557351e+01
4.083191997016882624e+00
6.620175659834509396e+00
-4.427109099871675113e+00
-4.385771039706472862e+00
4.553210714100023537e+00
-8.091708331986604552e-01
6.979346959159500763e+00
-3.858395944615875983e+00
7.000814687675966930e-01
5.898620484382183449e+00
9.356839842893386106e+00
-2.265474603964380051e+00
-4.958389126856078910e+00
-5.075153764712640125e+00
-4.477054096059011279e+00
-2.944495423061292527e+00
4.069271345102835058e-01
-1.672357467358697036e+01
-3.281539879714304675e+01
-2.423075346211360781e+01
-1.865868321089480020e+01
-1.906794691647592899e+01
-1.071453714407943636e+01
-2.343707084553428643e+01
-3.729922019111276654e+01
-4.382532653761607833e+01
-3.726767157725111446e+01
-2.494683563227206236e+01
-4.161378989345543289e+01
-1.101568908489291587e+01
-8.904873546009767438e+00
-6.262351654838519188e+00
-9.753612463195009852e+00
-1.808052564027884657e+01
-3.193026046311580401e+01
-3.004484879466045300e+01
-2.669693174121650259e+01
-2.285792879986523829e+01
-2.138390661601533438e+01
-1.403666463399155262e+01
-1.000534715767740934e+01
-8.330185664862762351e+00
-1.600854100834567006e+01
