# x [pc] 550myr: 
1.500000000000000000e+01
1.784368306445428587e+01
1.147384798506086945e+01
1.959269512449502093e+00
-2.267248067081089613e-01
-1.420961938561023530e+01
-2.089630845327313935e+01
-2.012010300818430153e+01
-1.046660562827807617e+01
-2.464056957442868168e+01
-2.092967634040624247e+01
-1.006391786786547282e+00
5.839713022821893418e+00
1.188289539354354218e+01
1.623465496492787707e+01
1.820544290511307395e+01
1.946631688947577743e+01
1.873406417635973398e+01
1.930910702452075967e+01
1.976040106897644577e+01
1.992430273842669664e+01
1.511473007745457409e+01
1.240844912671611233e+01
1.216211451359506412e+01
9.432650358538122504e+00
7.902260555703086720e-01
-7.988226584372887906e+00
-5.736997294433411554e+00
-3.953105458523678895e+00
-1.835207092416079044e+00
9.890210296169232862e+00
5.824648266911606420e+00
-1.469418701538676508e+01
-1.836391346766856358e+01
-1.821374072149320611e+01
-2.143835116393057660e+01
-2.413714963527492330e+01
-2.205520769471641174e+01
-2.257722706659602352e+01
-2.148643989330246740e+01
-2.307000455825266627e+01
-2.218572744216444548e+01
-1.833725768321469118e+01
-1.108127835043071663e+01
-2.034767562715947609e+00
4.425437595617948361e+00
7.534679030391265186e+00
-3.388378112617384197e+00
-7.577966421059562085e-01
-8.536183435832587207e+00
-5.923507479089528793e+00
-9.545890289736357559e+00
3.844058597769595575e+00
2.034595596726490374e+00
5.065994420362343043e+00
-7.376981891000171210e+00
-1.413956398811388837e+01
-1.892658703583232693e+01
-2.162957499253693783e+01
-2.322440495149697171e+01
-1.463776695943797179e+01
-8.025321493991185662e+00
-8.812115375172981047e+00
2.273626546684433869e+00
-2.915292909632314799e+00
-7.661462317014270162e+00
-9.262097566262267989e+00
-9.346206630377688285e+00
-7.134319209104069692e+00
-2.048979381307995506e+00
5.377618020213938088e+00
8.478326949909293475e+00
1.426027367611813901e+01
1.470386090292721981e+01
1.265017121280721568e+01
1.443137739123632812e+01
1.568260590700856305e+01
1.974761411588421112e+01
8.669439977856177038e+00
-4.499397087387336791e-01
-9.126865528722975185e+00
-1.251327606103981971e+01
-3.232620902127150142e-01
3.156389005067770093e+00
1.017810462810113670e+01
1.312163601695926829e+01
8.578941842253430039e+00
4.577593106717952054e+00
2.742707850070501330e+00
3.962468007216424781e-01
4.674999248129017460e+00
7.946526063905423598e+00
3.891053901059136955e+00
9.583144318604324141e+00
1.692278123426990533e+01
9.535297036037878371e+00
9.943109085214812959e-01
-2.240813483620855973e+00
-1.521702023731763909e+01
-1.996958973918717817e+01
-1.433982119272420164e+01
-1.283198662471909124e+01
-3.181337384083111886e+01
-2.123948507303448707e+01
4.415874260486030600e+00
1.111468544501721567e+01
1.302707914819700896e+01
1.666970486331615575e+01
1.944313424739572937e+01
1.812838127368645758e+01
1.989903416466412978e+01
1.886813834540952328e+01
1.982093626455748137e+01
1.976931949753422302e+01
1.408591548044973329e+01
1.419512716653162521e+01
1.133290939214774973e+01
7.503295046071920105e+00
-1.483452712965540821e+00
-4.705331271040392949e+00
-5.643403295127052743e+00
-4.897219840920917555e+00
2.092460392092339916e+00
1.061805300960879705e+01
5.833040734444788988e+00
-1.437554478187908202e+01
-1.791281569088295456e+01
-1.889456169165674382e+01
-2.217267856392966507e+01
-2.389755506430597265e+01
-2.173560013894761056e+01
-2.241567536811481176e+01
-2.213273998680716659e+01
-2.305501378633879028e+01
-2.176369149817691451e+01
-1.663521710615247429e+01
-8.972204978518506735e+00
9.985654325109746265e-01
5.322398732434103330e+00
8.258954229287326143e+00
-1.532512503499855683e+01
-4.543153898736164820e+00
-4.771412551105322919e+00
-9.553957849304104855e+00
-5.677674039582457866e+00
4.231369338021385929e+00
2.214720182310485175e+00
-7.191602948637614290e-01
-4.778049123071810733e+00
-8.470637662994649375e+00
-2.074284047649217300e+01
-2.157813684376397845e+01
-2.232096012012349817e+01
-1.505441326461931517e+01
-6.117305364868614426e+00
-9.245270942187961083e+00
1.526318081366457191e+00
-4.469049589138569090e+00
-7.922118441960427582e+00
-9.111485108468174943e+00
-8.968796155227437339e+00
-6.303020002568035629e+00
-6.747495711796869244e-01
6.805925561924093259e+00
1.094114062633719264e+01
1.422099370249522998e+01
1.312418501520425629e+01
1.030491377563233435e+01
1.374125633360930721e+01
1.765561347836912987e+01
1.737140539652413551e+01
7.183109462084098062e+00
-2.519575722613081048e+00
-1.110151748952020689e+01
-6.986599526171885621e+00
-1.113299540474970373e+00
3.491586166815011882e+00
1.138998646974172857e+01
6.674003607809185112e+00
5.835097183098584495e+00
3.566067976339178269e+00
2.128831796440343815e+00
-4.425593214016100063e+00
1.281859580269936849e+01
6.495336059655859806e+00
4.761664752496659325e+00
1.054220080042827945e+01
1.593305075911962732e+01
7.570775425420988469e+00
-2.518885436418415863e-02
-6.741165764423596052e+00
-1.969166625412382743e+01
-8.679436042939878249e+00
-1.224693170570625433e+01
-1.014922196944606902e+01
-4.027096967670949823e+00
-2.308813663591885756e+01
6.984809734270557513e+00
1.197656022204643378e+01
1.181501948033293914e+01
1.702858333558918957e+01
1.941647534394254393e+01
1.825128337319340943e+01
1.995367145697303357e+01
1.901048675541472122e+01
1.988087578614181439e+01
1.953084708645211975e+01
1.670953521191978552e+01
1.283638958846914058e+01
1.154347023643569337e+01
5.491039102289337670e+00
-3.543557089564686180e+00
-2.455253825393606704e+00
-3.731512171361005770e+00
-4.655367020531213207e+00
6.002695963512755917e+00
1.160524166505385146e+01
5.658049151422325451e+00
-1.447449602071491981e+01
-1.790238985019696472e+01
-1.955748445925480894e+01
-2.272615168061593849e+01
-2.333452687343079646e+01
-2.067267825768624689e+01
-2.218194547194384469e+01
-2.251804511399879871e+01
-2.293866326725300553e+01
-2.123088402804275887e+01
-1.458601896278268306e+01
-9.242846736897334381e+00
3.407703933286343467e-01
5.687189560367624352e+00
9.092698581034749594e+00
-1.443860908103069995e+00
-7.533919239320687744e+00
-2.053799434856082851e+00
-1.114848317267337308e+01
-5.971942596017624005e+00
4.575643882504946802e+00
3.920681706727667803e-01
-2.201770661990338773e+00
-1.012698486352122806e+01
-7.240876681596454922e+00
-1.968564919934543767e+01
-1.970728113028403072e+01
-2.272692659609532839e+01
-1.260408325490520021e+01
-4.782727627648736934e+00
-1.061056123418909003e+01
1.063601092414833138e+00
-4.974888723280981750e+00
-8.469433089485029598e+00
-9.472889059011516011e+00
-8.794585114345203181e+00
-5.454970400449253631e+00
8.726888898271668582e-01
4.951265437036916239e+00
1.090107219276614892e+01
1.389137962595215292e+01
1.192604047924261579e+01
1.171748521699838896e+01
7.479552152113861041e+00
1.966534364667846191e+01
1.457151747055529434e+01
5.456738950545519273e+00
-4.365858050042069394e+00
-9.268356161268954452e+00
-9.345126436480033050e+00
2.920649793080111412e+00
5.177394439651746616e+00
1.420402524990047510e+01
6.995275667418473731e+00
2.551480487134076824e+00
4.709442659129188691e+00
5.864389667939184925e-01
1.116384339642388035e+00
1.397781145054019980e+01
5.232803678197134545e+00
6.379449249452236792e+00
9.917457372562219931e+00
1.476930504722979620e+01
5.558983067561736213e+00
-2.246538672496642519e+00
-1.020614709420205735e+01
-1.536534146565452197e+01
-2.038214283651921477e+01
-9.450214157597947917e+00
-2.093598103406093713e+01
-3.329160878500821497e+01
-1.091631093711134781e+01
1.221184176924818399e+00
1.171221267623213791e+01
1.446240452759279727e+01
1.738250478955553291e+01
1.918696835662381517e+01
1.807626185693965937e+01
2.004153910062061428e+01
1.942280800105497818e+01
1.995922324191508679e+01
1.916974243451519655e+01
1.390883255924770090e+01
1.285184716321426102e+01
1.174186411273839603e+01
4.073287085559378795e+00
-5.841535765316920426e+00
-1.281961853745108737e+00
-2.179405761500037730e+00
-7.462225078112058263e+00
8.963859254492586359e+00
1.389452833226230410e+01
5.762744523637069349e+00
-1.750517809683857351e+01
-1.776559108376538987e+01
-2.029821029323616344e+01
-2.340970098187895942e+01
-2.279825651609906245e+01
-2.164470398244145244e+01
-2.227872306322743867e+01
-2.291030185820291010e+01
-2.296144862191953706e+01
-2.053491813149794609e+01
-1.215743897950044961e+01
-6.467043393740092405e+00
1.738293974660592545e+00
5.332490287710000665e+00
1.063873278294765612e+01
8.910571574189369848e-01
-1.112598323819577573e+01
-2.954273693520472310e+00
-3.920448222332471033e+00
-2.670362162804331252e+00
3.066955432273898108e+00
-1.460586440118494811e-01
-3.045898468828093897e+00
-3.818120132258584931e+00
-1.517738528223247307e+01
-2.062171227616624236e+01
-1.906574200590539192e+01
-2.154051219858306254e+01
-1.296674428202848617e+01
-7.582808455161899053e-01
-9.324300799891762637e+00
-2.147364803519373200e-01
-6.095135730095742055e+00
-8.811545321957391153e+00
-9.515282887722875671e+00
-8.349269513643315932e+00
-4.417324899651815073e+00
2.687388862540415868e+00
6.797034410828225681e+00
1.363199317180090375e+01
1.375954618602963286e+01
1.236217506611086847e+01
1.308132597842446998e+01
1.064334366908686924e+01
2.078566296119615942e+01
1.157748861311872268e+01
4.714915267724462566e+00
-7.528462385728285078e+00
-1.143646150774670645e+01
-4.052067630793015240e+00
-8.917397055878933942e-01
5.222355423024473531e+00
1.558451815526684214e+01
1.989014604233417527e-01
7.801940302856870346e+00
5.130595507696812163e+00
2.702683665184611783e+00
-3.709786214524732006e+00
1.717558927845523087e+01
6.447130118430605350e+00
3.629355174624881553e+00
9.058020909930506903e+00
1.337988659057501017e+01
3.632174173401377715e+00
-2.629077313431242846e+00
-1.320450506228600318e+01
-1.674213988804440234e+01
-2.072338924777716684e+01
-3.210962962766451767e+00
-2.060400390932083425e+01
-2.545035512190454341e+01
-5.061449482303077119e+00
1.319879382172876703e+00
1.237957867782222543e+01
1.623956942607347287e+01
1.900109693602805550e+01
1.883846828612448476e+01
1.909135332725143996e+01
1.899216351216755427e+01
1.955781403917794847e+01
1.992072190233478324e+01
1.860679604901951478e+01
1.425912846391066147e+01
1.179959870488611351e+01
1.066572643830374645e+01
3.048673436186371877e+00
-3.903761836915767613e+00
-2.556353160288588722e+00
-4.834878559346464044e+00
-1.279409094660699242e-01
1.029459276517476241e+01
1.537127394885502873e+01
5.594196864190629448e+00
-1.749618466359732594e+01
-1.759273999631774998e+01
-2.103310879441492176e+01
-2.411346230055411155e+01
-2.250744856724318055e+01
-2.175978315443414246e+01
-2.199628163152144467e+01
-2.316727310467258860e+01
-2.267980902213062677e+01
-2.039561105680238384e+01
-1.132730235016030029e+01
-2.969067433110912813e+00
-9.435945326340711148e-02
6.078660894114083391e+00
1.767656098275100973e+01
1.768458511252992915e+00
-3.940758729447583875e+00
-1.175060189459639126e+01
-1.156300383097097573e+01
-6.836800801291839313e+00
2.907557066627220799e+00
-4.399001228291872678e+00
-3.544465443468175714e+00
-4.182603630637364844e+00
-1.826962223791516138e+01
-2.595303374215688663e+01
-2.033928021060106772e+01
-1.399552420270502573e+01
-1.003249483491478600e+01
6.194395077726878585e-01
-9.671480019134119033e+00
-1.509020862795493079e+00
-6.975850135204602509e+00
-9.076722445766010949e+00
-9.490512326459251469e+00
-7.814268336310177254e+00
-3.301925329995565761e+00
4.573380625272014832e+00
7.212892689261617640e+00
1.384046161971743238e+01
1.411671373326480250e+01
1.285071337956896009e+01
1.489281112498917281e+01
1.357922027242278595e+01
2.092200973659593899e+01
9.460275330826998896e+00
2.865130245206456649e+00
-8.076805525465477587e+00
-7.906013001047268673e+00
-4.933931381938124083e+00
2.145215105402089595e+00
8.881213594053061655e+00
1.483703003232289852e+01
1.188641026341811546e+01
1.544567710051053533e-01
4.902745508311467049e+00
1.016980879465565701e+00
-2.112688899442934698e+00
1.310929429055496342e+01
5.046280692845559024e+00
2.172304391453928396e+00
8.876849404819257217e+00
2.029042235719575160e+01
1.631071528681827587e+01
6.664774134807810668e+00
4.273210296766068339e+00
-6.833213731977267891e+00
-1.893122628540246666e+01
-1.580521781920345248e+01
-4.302880898057293457e+00
-1.046785700483976633e+01
-4.398990404516054298e+01
-9.823265627001733336e+00
7.073325325466804259e+00
9.642783376723608413e+00
1.252109018397070272e+01
1.507108166652133541e+01
1.737578134209415381e+01
1.732685360770931737e+01
1.832404568850792259e+01
1.969784215790529558e+01
2.080271782596501140e+01
1.132957358957050076e+01
1.222837157997731694e+01
1.355449950456558561e+01
1.299588669123514428e+01
7.459863261632550646e+00
1.174747789567092582e+00
1.600654643663085019e-01
-1.455888961230402456e+00
-4.022034513869066075e+00
4.558092175722082473e+00
5.739992791145130724e+00
-1.170524412053239427e+00
-1.334953888972735569e+01
-1.732005519205782207e+01
-1.969960866957127621e+01
-2.037939468888302130e+01
-2.025880181803488966e+01
-2.123424487045184250e+01
-2.039917351903379128e+01
-2.290445944714896953e+01
-2.374752958797855484e+01
-2.192314995009035172e+01
-1.601581250929471167e+01
-4.872735097974962848e+00
1.084721456694002883e+00
2.059911625599355034e+00
9.071385591730571463e+00
-1.332337259564337018e+01
6.591213993915912006e+00
-7.458243053308639681e+00
-7.569359400634798618e+00
-9.795277977480472131e+00
-3.861216719029855415e+00
3.447043377511399331e+00
-2.730895834949237155e+00
-4.361984972911351122e+00
-1.548216326176193114e+01
-1.618546235778624975e+01
-2.380880759719018869e+01
-1.954731649665793469e+01
-1.437070099320107985e+01
-9.735883603262800889e+00
-1.969304407220787922e+00
-1.522929787973979820e+00
-7.185337095309588307e+00
-9.873328283790071325e+00
-1.061029042230938835e+01
-9.158968260415575102e+00
-4.941672988481882633e+00
2.430336971625889131e+00
6.199362617428750610e+00
1.325087403041110079e+01
1.365736652136025064e+01
1.238446307175787098e+01
1.530297837374686765e+01
1.416106909452093809e+01
2.453511650407716616e+01
1.189700120572600284e+01
1.892210268551676178e+00
-9.686937887985308748e+00
-1.053856755573794146e+01
-4.675714150723010221e+00
1.253307377171892778e+00
7.101736589675028632e+00
1.622011304120233532e+01
4.601967942697338998e+00
1.619553153908627863e+00
6.837307761103959436e+00
-7.433972058066249389e+00
-4.018214277053505867e+00
1.595226304524315886e+01
4.435153170757060614e+00
9.548237595535065125e+00
1.982332419821060654e+01
1.503155351742835499e+01
6.133010553221738270e+00
3.113710255133983029e+00
-8.459652277047288393e+00
-2.045480936903867786e+01
-2.216246876647798913e+01
2.287293303279596124e+00
-9.265837456634002933e+00
-1.891162297938429404e+01
-1.046962927168685553e+01
9.290795816176192545e+00
1.074189940247163122e+01
1.534314990201960960e+01
1.531285187969698569e+01
1.771373504551957012e+01
1.773390506183754667e+01
1.784334838621453656e+01
1.986244462008706080e+01
2.089948917105521886e+01
1.180340104992724903e+01
1.106169059827450063e+01
1.261810567052137522e+01
1.227626869435284362e+01
5.022741100036072659e+00
2.257039753930848214e+00
-1.332344687897405677e+00
-6.650421186773773918e-01
-5.304043844657462259e+00
4.563104859804339775e+00
5.947332225573998876e+00
-4.566754911106934323e+00
-1.663437948549014322e+01
-1.661011731245037382e+01
-1.850462831796462737e+01
-2.092652808600277581e+01
-2.000785331696330971e+01
-2.114360549536316469e+01
-2.117620016758153767e+01
-2.319944514852690887e+01
-2.366627224338972368e+01
-2.095973652188775915e+01
-1.515189071182123826e+01
-5.699645697272346823e+00
5.606948984761363164e+00
5.571076177199910440e+00
8.859128350089408244e+00
-2.451621844251428595e+00
-5.475206480188504976e+00
-3.420820121854843965e-01
-1.036573054504490621e+01
-8.375537221566636603e+00
-8.648969243916326377e+00
4.350154147589106124e+00
-6.564082906404364870e+00
-5.370663298947260245e+00
-5.719374448568517622e+00
-1.891063460813264996e+01
-2.473016007115673531e+01
-1.753533696991993196e+01
-1.279635994577716041e+01
-1.083493255967690949e+01
1.286567463294801816e-01
-2.966708944023641159e+00
-7.984635552357421062e+00
-1.017695313752112085e+01
-1.052540251278374939e+01
-8.537015402123035557e+00
-3.744905643390289640e+00
3.068731232409543708e+00
7.884135778944747486e+00
1.336134367666279843e+01
1.418359643632113354e+01
1.359256926647801045e+01
1.563796241932447906e+01
1.645619495540040589e+01
2.538168109062175049e+01
9.958928725342596877e+00
-1.393022053874712229e+00
-1.108493753074697175e+01
-8.342591358858076234e+00
-6.115215010708481280e+00
2.027301290787713040e+00
9.079436654341398238e+00
9.853737572110400578e+00
2.555101580860428712e+00
2.092308562879048761e+00
8.504580747872592994e+00
7.804515693358974993e+00
-2.170751646445845395e+00
1.148627560807523906e+01
3.720569666943475351e+00
8.948761100359760690e+00
1.913683348106239634e+01
1.319557690015364138e+01
4.281461007575696698e+00
1.728831840880820758e+00
-1.288868174112079679e+01
-1.760896818171187306e+01
-1.850557058971196156e+01
-3.563149024633051720e+00
-1.217450273121257176e+01
-3.125933728244548959e+01
-5.754375468441301322e+00
2.599297366299085255e+00
1.007435353788308419e+01
1.503652648571039663e+01
1.644455580645645654e+01
1.719413761174412159e+01
1.822931402602671014e+01
1.857685806068860401e+01
2.008730828837968474e+01
2.091600395863118322e+01
1.233401295941498788e+01
1.290176743129228853e+01
1.162423718522550153e+01
4.743547657465923884e+00
1.611750158554015933e+00
1.921842536284059211e+00
-1.080786066361882070e-01
-2.811409969080260307e+00
-7.256744109309575252e-01
7.694019701824996282e+00
6.486368690725744734e+00
-5.805667482317585559e+00
-1.726645438004130995e+01
-1.692599618352421587e+01
-1.896079203894312570e+01
-2.114529266204885616e+01
-1.979993489911877802e+01
-2.104570625321697719e+01
-2.182037191110643803e+01
-2.343067037101240402e+01
-2.384458971534986915e+01
-1.986647923609046629e+01
-1.171935008161938541e+01
-3.105826375991111554e+00
4.085508688760016049e+00
7.254544064281564175e+00
8.930634315480027396e+00
5.486741431421432447e-01
-3.414716905488036858e+00
-5.048358301216527622e+00
-1.039980495815636452e+01
-8.562533919905646940e+00
1.311665549508763198e-02
-1.234560452001641107e+00
-5.261714198999267289e+00
-4.265225521328877889e+00
-1.469353706298996265e+01
-2.197293152428594709e+01
-2.394400597528158414e+01
-1.414386847632836641e+01
-1.234556930296442090e+01
-1.009015028233632449e+01
2.545999614086221219e-01
-4.040324317354136774e+00
-8.540599885223659982e+00
-1.035484242887519812e+01
-1.031206194843553803e+01
-7.797132609328382813e+00
-2.486845588957825814e+00
4.558378729995219203e+00
9.226342745248802046e+00
1.379961219698721919e+01
1.503163188693688745e+01
1.479996165071755598e+01
1.482607277658160250e+01
1.843452493537623127e+01
2.287788382474953153e+01
7.367516296464364345e+00
-4.324664922174268789e+00
-1.035735864597071831e+01
-1.130801937538860003e+01
-1.335746022842248637e+00
1.860794544799499795e+00
9.722423827173985345e+00
1.175304136450254155e+01
3.340624617167380350e+00
1.968090729042204279e+00
3.929835570510943121e+00
2.791227205070403006e+00
1.308568873919847420e+01
7.532471984816889510e+00
3.542291708355712831e+00
7.575730022470176905e+00
1.808959239123117868e+01
1.065771977944860716e+01
1.646498695304917437e+00
-2.843593676496528388e+00
-1.528108976226945437e+01
-2.334877032186577139e+01
-2.418015103550271405e+01
2.913060577267700069e+00
-1.626019720939555668e+01
-2.282491262991461767e+01
1.674991603235566506e+00
1.097734091564188752e+01
1.134196689635623123e+01
1.472685582254106507e+01
1.634583069038423275e+01
1.719938039976215904e+01
1.833607002542770559e+01
1.909539536711984198e+01
2.034293181372102666e+01
2.074162993328332405e+01
1.132252131468380441e+01
1.379472099608855551e+01
1.207540962258755535e+01
9.845378133183677605e+00
1.263481615214012699e+00
2.917225988558087568e+00
7.443790155672449504e-01
-3.245739538365302490e+00
3.905753963369059445e+00
7.810273241207260853e+00
5.970755893683527660e+00
-7.137632065117081481e+00
-1.743572804569492263e+01
-1.741514422876694113e+01
-1.952919709752124788e+01
-2.124849824146287247e+01
-1.972847052519461997e+01
-2.097020020740786350e+01
-2.228097468422680194e+01
-2.358702720241860717e+01
-2.337151989655790985e+01
-1.799229992690622026e+01
-1.057798539132585169e+01
-2.015445670417478574e+00
6.042470436364136610e+00
9.474401182394176502e+00
-2.243065304160315421e+01
-2.277904677162270630e+00
-2.947802890826325850e+00
-2.575351593679805706e+00
-7.623261217010360191e+00
-7.191412362085906729e+00
7.737757844533746932e-01
2.014420644293426044e+00
-7.475456373007091315e+00
-7.633086942397067531e+00
-1.931040211789720829e+01
-2.411635586714236723e+01
-1.836518729930566707e+01
-1.547586019113492029e+01
-1.065528844818392429e+01
-1.007280671786885584e+01
2.266475499677935435e-01
-5.512585558369351268e+00
-9.227381772384280367e+00
-1.065580562540288412e+01
-1.016779808564737664e+01
-7.077552220394350613e+00
-1.103789421251915037e+00
1.918488236619300125e+00
1.052289335331054687e+01
1.429908953456831000e+01
1.532136221389363051e+01
1.497676499269566008e+01
1.343074586166288320e+01
2.029921169467520414e+01
1.982345312611237276e+01
4.884415871039826662e+00
-6.465449168049719475e+00
-1.137366973640489753e+01
-6.921949627937262761e+00
-4.004799465003440417e+00
3.607441588545871713e+00
1.027669516169565611e+01
8.440997811205047441e+00
1.222381953355532858e+01
5.261130979478976677e+00
2.376337853306116799e+00
-2.671063144451220506e+00
1.368969534660413245e+01
3.452328585989331344e+00
4.616421869358257268e+00
1.015186158090585344e+01
1.732023449850909813e+01
8.792389499713097578e+00
4.121068013537150243e+00
-4.248528141374360523e+00
-1.729372958655510573e+01
-1.942003676461575523e+01
-1.603182003626391605e+01
-2.296745202592741109e+01
-1.414944810090744909e+01
-2.423467252471429845e+01
-6.151210058555771631e-01
8.540654750680596763e+00
1.177308337958744211e+01
1.480638872134565887e+01
1.682378948339453117e+01
1.718743641450916115e+01
1.839368992896949706e+01
1.942172034311823836e+01
2.057229592893399328e+01
2.056448940848148865e+01
1.073689610547438456e+01
1.391392819560633853e+01
1.285181289905907143e+01
8.926139351564332358e+00
1.480338978348169965e+00
1.243030851113557933e+00
-1.002876832687505243e-01
-4.861790055241974606e+00
1.793456013862308573e+00
1.081077591847513020e+01
6.002310234944922662e+00
-8.962921343819138187e+00
-1.706267894922034500e+01
-1.771471446311638331e+01
-2.004244885812602561e+01
-2.130413833692302816e+01
-1.988165550187741459e+01
-2.085642702922749692e+01
-2.265394601326628177e+01
-2.369472882357480614e+01
-2.250957346430303829e+01
-1.762472204174450496e+01
-6.815146394621503845e+00
-1.435489142958294018e+01
5.010763902487718191e+00
8.602290039267696642e+00
3.515259575844452478e+00
-1.133142985559809546e+01
-4.528243011762156378e+00
-4.635712710933473701e+00
-5.988152869190868977e+00
-5.579656107962875922e+00
-2.734482072863670066e+00
8.110569863401261292e-01
-6.953157181111341067e+00
-6.826984749083002235e+00
-1.977474362858324852e+01
-2.469808609186682347e+01
-1.849745820797857832e+01
-1.550871779384717186e+01
-1.093409903519082249e+01
-9.340463313802974454e+00
-1.165366870301465019e+00
-6.222242559579068022e+00
-9.440325990765428443e+00
-1.056170427998077166e+01
-9.639239847881945877e+00
-6.015519483286904112e+00
4.606168490179005093e-01
5.140359651391090523e+00
1.259442239146587816e+01
1.425224442617854415e+01
1.168691201242338096e+01
1.373183788703602559e+01
1.198576408266706572e+01
2.218177739390556980e+01
1.557040398432445194e+01
3.652554557823745718e+00
-7.604881335005977405e+00
-9.628380859979438711e+00
-9.573073173887008736e+00
-2.730130516188487011e+00
1.083121207320066892e+00
1.413693340908681861e+01
8.948057580080583051e+00
4.727374400433073554e+00
6.520357129442152733e+00
-1.816247028406666297e+00
5.322445944343959567e+00
4.828967173674232782e+00
5.405137694540022686e+00
4.405945587519066287e+00
1.067773645951979589e+01
2.140468929379670726e+01
1.928884392122226998e+01
1.233560755497053840e+01
8.555761109584413049e+00
-9.235362113250693561e-01
-1.158682559525998990e+01
-2.194194179757903740e+01
-2.486065197389113379e+01
-5.313808931497854715e+00
-3.916647023214089529e+00
-2.995432938900708564e+01
-2.926484354903308382e+00
-8.341995613934003462e-01
9.670903507069517957e+00
1.260048346695711530e+01
1.397519341075602917e+01
1.602203249761665305e+01
1.655670536433489559e+01
1.885339523761615510e+01
2.068553414185553052e+01
8.447542950180325860e+00
8.119863689894570413e+00
1.216156883393501609e+01
1.229544658272462421e+01
1.186630022486176550e+01
6.331583176857685125e+00
1.326021274117555659e+00
3.033612097764910143e+00
-3.077275811887169699e+00
8.408386684441129688e+00
5.593459697930574848e+00
-1.066680558351578689e+01
-8.367635081404689146e+00
-1.738426285408229077e+01
-1.627170643982551113e+01
-1.687201378661254836e+01
-1.890586336139717005e+01
-1.877804197748762149e+01
-1.904755280405632334e+01
-2.197526738707619387e+01
-2.386231932943601919e+01
-2.386616324944347056e+01
-1.893012992666383809e+01
-1.240596527994878073e+01
-4.189988700800844512e+00
4.186685202205005396e+00
4.892773979079207081e+00
3.923694641671682604e+01
5.560495257423077931e+00
-1.174390442452506278e+01
8.683485434526099667e+00
-1.481508860600893129e+01
-1.117471441696312162e+01
-2.313954856097095281e+00
6.556787817505722593e-01
-7.196350050151872679e+00
-5.785345454780988383e+00
-1.407551294198044545e+01
-2.137621177161169328e+01
-2.022041336643443543e+01
-1.816089839051338117e+01
-1.011233070183756233e+01
-3.120838472500928606e+00
-1.082449109129721476e+00
-6.641861721680203168e+00
-1.017689093248882592e+01
-1.155493286610810166e+01
-1.076735737011492589e+01
-7.328441703028179433e+00
-1.313402098071947410e+00
4.430871847273662567e+00
1.088787134589358629e+01
1.378089590328799652e+01
1.524025387577002988e+01
1.682371781469459648e+01
1.480078878518918195e+01
2.118974027082583333e+01
1.660050583887252174e+01
2.151115702148499231e+00
-9.433431308203983789e+00
-1.166111235581525207e+01
-7.871081705252128913e+00
4.068023425704266671e+00
4.057848147717161069e+00
1.236566750252294611e+01
8.426501991679872461e+00
4.811351759886775881e+00
6.571293089899934436e+00
5.235361185790122107e+00
-3.691501608653177335e+00
7.405488527788307351e+00
3.477424778054006183e+00
6.490526053509904969e+00
2.116749841239970564e+01
1.830549712025522169e+01
9.844081298684026038e+00
6.367727887829566669e+00
-2.197131625671722155e+00
-1.467228501921588091e+01
-2.353994947014830430e+01
-2.481494734957220416e+01
-1.471423061480400252e+00
3.151665830301609295e-01
-1.937837340145684450e+01
5.093338008454447952e+00
9.779780516700698811e+00
1.047276424631772329e+01
1.276649913761381683e+01
1.452660008077863019e+01
1.603229886314791131e+01
1.711965051420192196e+01
1.922398898586291693e+01
2.099011411539680338e+01
3.887023367399920382e+00
8.540088143946517718e+00
1.263634441962258315e+01
1.333026457684341537e+01
1.139765789302083654e+01
7.679826702113576431e+00
2.630375833270024444e+00
2.275657770227493160e+00
-3.857118879183648374e+00
6.698913166462671320e+00
5.604180283841379229e+00
-9.770655987413462640e+00
-9.295333917138222546e+00
-1.803471390643765204e+01
-1.627121714624476922e+01
-1.721724401986137920e+01
-1.861194726486473527e+01
-1.890420175033461092e+01
-1.983055165081443860e+01
-2.234052933864230539e+01
-2.399206875758151725e+01
-2.323725828728122877e+01
-1.750929221201113606e+01
-1.075917701085539413e+01
-1.420633500218426937e+00
2.109100837535932804e+00
6.631271659266719354e+00
-9.170094045272707106e+00
3.671960730657091165e+00
3.160759065488020436e+00
1.433476371460265852e+00
-1.467078646851207147e+01
-6.179375599685645426e+00
2.483170918934455851e-01
-2.326299058193544322e+00
-7.784278219723869796e+00
-8.700767343276789134e+00
-8.379901350726145282e+00
-2.136449987408515838e+01
-1.787085153534754767e+01
-1.737636818534765837e+01
-1.099270490421312552e+01
-2.690524320506886724e+00
-2.717014252830706411e+00
-7.741787508243103133e+00
-1.076048641084748070e+01
-1.173458472706354527e+01
-1.044531918303542284e+01
-6.438975331378781419e+00
2.501934719008463426e-01
5.383687217028330529e+00
1.218507681214070004e+01
1.400154170196184467e+01
1.289918224100478206e+01
1.675042111313488391e+01
1.517675725255530494e+01
2.005311588942925027e+01
1.288203444596023850e+01
-1.055023137222136503e-01
-1.029640816218157795e+01
-1.161640544192387736e+01
-9.522618655962894252e+00
7.977492615383360297e-01
5.678594807202530070e+00
1.515319498251131058e+01
1.787648135784136505e+00
5.010578700572245303e+00
7.863473052823469978e+00
1.991385785715416246e+00
1.239650302130740567e+00
6.746540842084454148e+00
3.281188592936714610e+00
9.924817434766751489e+00
2.096794310713300646e+01
1.734501950365853062e+01
1.100877910462929776e+01
3.576913918626304589e+00
-4.101051866726100670e+00
-1.539767115218633897e+01
-2.496963783811746396e+01
-1.668816114675988160e+01
6.065542464713272963e+00
-1.289856621545477999e+01
-2.047876907045447936e+01
5.242645770065938571e+00
9.128606528641727280e+00
1.092560902667382550e+01
1.296743493190257901e+01
1.508060116606428380e+01
1.597831822445932204e+01
1.765711526955207944e+01
1.961914305901244759e+01
2.129574680383053220e+01
6.161842840139295951e+00
1.123923531301528733e+01
1.277450111567525504e+01
1.348918816910208207e+01
7.262043483758782614e+00
7.807572446680718592e+00
4.103237837008398614e+00
1.252186331065362035e+00
-1.592378414601961056e+00
-3.565618162358858534e+00
5.494370769520814157e+00
-4.996833448481364570e+00
-1.668016390557705364e+01
-1.542624635900146757e+01
-1.385429802504575036e+01
-1.723824462954335957e+01
-1.845178518462186901e+01
-1.901622122390119785e+01
-2.049444150900630746e+01
-2.278431584151847389e+01
-2.418687472496781510e+01
-2.260992744495379370e+01
-1.620853401235504876e+01
-9.491751601097707436e+00
-1.011115492749315115e+00
3.620694768968343968e+00
7.742723160322713127e+00
-2.466750501792513717e+01
2.574828825762776052e+00
2.218337040234231061e+00
5.981576398497944425e+00
-1.386142401624404918e+01
-5.070883609946324810e+00
2.206211205324830171e+00
-7.313429546626850630e-01
-5.054085652893188119e+00
-6.656635225794201638e+00
-5.969157153420074913e+00
-2.125489464365868031e+01
-2.043943835179565127e+01
-1.606870281114571952e+01
-1.050304170789045344e+01
5.370126067953568949e+00
-3.717715205411724178e+00
-8.513788597423546989e+00
-1.110266353798434480e+01
-1.167222722490222253e+01
-9.861464323714265845e+00
-5.303481377732195412e+00
1.224503324884580024e+00
6.693664909160603749e+00
1.304611090633036241e+01
1.374069999527211827e+01
1.326823108879525392e+01
1.759123990344525268e+01
1.697431535819693238e+01
-3.110985072636942128e+00
1.049864412000532887e+01
-4.028015654063782591e+00
-1.024262898956677681e+01
-1.125615055217591731e+01
-3.712776227281349151e+00
8.419094687369078622e-01
7.818079179642349885e+00
8.616614375840519813e+00
2.405903053863895913e+00
3.245508279617252967e+00
7.748793025232984633e+00
-5.238992867997774860e-01
-4.547497425755281597e+00
1.468953181170976663e+01
2.813596140186544581e+00
9.721848119905835972e+00
2.060391471341014835e+01
1.609724961972144541e+01
6.128531672543873654e+00
1.678348358634673465e+00
-6.390857288978081030e+00
-1.918934378686140363e+01
-2.160080728840222264e+01
-3.894834079866669185e+00
-3.241757214824249189e+01
-1.235557772901688001e+00
-1.484335901306860528e+01
1.164333320240737457e+01
9.524376612973464162e+00
1.332034292197716496e+01
1.328005896252292928e+01
1.562368599137752589e+01
1.595276246660904107e+01
1.811779213763653829e+01
1.999463029143661430e+01
2.147075649289050148e+01
8.334344199688782595e+00
1.236357257437113866e+01
1.119698884262565741e+01
1.329841862246756534e+01
7.883270921070621107e+00
8.753648361275864431e+00
4.266646219679659069e+00
-1.016760803307387162e-01
-6.996220516791862742e+00
5.720806213864599421e+00
5.486381508983002142e+00
-4.912910397088914749e+00
-1.633370652918506138e+01
-1.616516169870243047e+01
-1.666212668541545838e+01
-1.806444904271478435e+01
-1.832102692695901425e+01
-1.928300229388134213e+01
-2.097498806970219221e+01
-2.305222033052121944e+01
-2.410304136300490185e+01
-2.196611187445152780e+01
-1.615290576147438273e+01
-8.483027148886773006e+00
1.494599445571060947e+00
5.085068350892355760e+00
9.700602639355066614e+00
-3.461767040329901235e+00
-1.481126590633976559e+00
2.932195999085966953e+00
-1.302356599117163727e+00
-1.480323921183954106e+01
-6.762610355374658155e+00
1.807811559240621868e+00
-2.343291707264569368e+00
-6.146834888026978305e+00
-7.468932152300037153e+00
-2.293511682742193614e+01
-1.641376166831722827e+01
-1.598656022988686587e+01
-1.484651821865457144e+01
-1.036243575436269815e+01
1.103350368867113129e+00
-4.753222306401112540e+00
-9.215762960763342448e+00
-1.137840506552547026e+01
-1.150923573395617616e+01
-9.145635749163302464e+00
-4.034640679142419195e+00
3.016954026599671490e+00
8.855130077848206938e+00
1.315431466886999701e+01
1.437729478277123540e+01
1.465238333498730583e+01
1.560670096108810689e+01
1.927142653968295960e+01
2.014408992548068866e+01
7.260812039215342573e+00
-6.100397387446164998e+00
-1.030833826128488795e+01
-1.006095639823737997e+01
-5.003158902266343411e+00
9.985072662396088372e-01
8.879147094619955993e+00
5.110364991621338504e+00
5.680603834805829422e+00
4.000441145826282963e+00
7.585331113447950635e+00
1.146061160443858862e+00
3.841552101839415645e+00
8.459941368845466769e+00
2.779304174134418215e+00
8.696690571036858941e+00
2.005180896148392478e+01
1.443306091386223500e+01
7.128549127160976440e+00
6.344441264666900171e-01
-8.855165120553195379e+00
-2.126634583571832238e+01
-1.974407258878895988e+01
2.522790587675508345e+00
-5.806591222879160519e+00
-3.679920180250013573e+01
-1.074286404666908545e+01
5.564613827919521860e+00
9.874792157485801525e+00
1.288664366968043140e+01
1.373885287313179582e+01
1.612206010789843447e+01
1.621348488060195336e+01
1.855929709354291290e+01
2.037961174520015462e+01
2.152056700405510981e+01
9.480456285770570091e+00
1.304457812557867236e+01
1.123486194748272915e+01
1.291140694738538208e+01
7.598068593963228423e+00
4.522457919608326549e+00
3.811517822004594436e+00
-1.317571129998451829e+00
-3.657150518310888554e+00
4.855580216498643686e+00
5.883542586270682051e+00
-3.771521084324998885e+00
-1.733529802038285084e+01
-1.614230917315544644e+01
-1.661744610115253451e+01
-1.833262198695151213e+01
-1.843702597128785925e+01
-1.928970802000359797e+01
-2.149380159555721548e+01
-2.349563274987136552e+01
-2.408975200458631249e+01
-2.094465545857866573e+01
-1.309434240719548370e+01
-7.332966481470572617e+00
3.549834562946971306e-01
9.658177177814808445e+00
1.644229778700783484e+01
2.051554969203519097e+00
2.807806273650566009e+00
-9.937317415111096564e-01
-7.273444629057792987e+00
-1.377261269421427237e+01
-3.251295815585041105e+00
1.262468300044325309e+00
-4.358767612850335205e+00
-4.431972675713288901e+00
-1.457530045588712042e+01
-2.219069337979059497e+01
-1.898965496870215830e+01
-1.710663453211436646e+01
-1.589382942106521845e+01
-1.015478911603485201e+01
-8.648228864937061999e-01
-5.674471028781955972e+00
-9.753648476666967326e+00
-1.152346108374737454e+01
-1.120007173314354709e+01
-8.287063617387019576e+00
-2.686022859057254131e+00
3.491126221184258860e+00
1.039365425767891438e+01
1.344161628558692811e+01
1.486706806665687708e+01
1.574004415659920397e+01
1.420517744734755006e+01
2.052842796311823648e+01
1.994878802550300279e+01
3.971756020109764140e+00
-7.890159672395819612e+00
-1.170051831339542403e+01
-9.956252691621745754e+00
-1.928151498497982841e+00
1.857081231588684433e+00
1.011990015975474932e+01
6.680479755773511386e+00
6.981503331158103620e+00
5.434175994893112538e+00
7.266598681112597546e+00
1.596591734590659506e+00
1.374015487461099383e+01
6.270791908378219759e+00
3.962157332151964972e+00
6.686376771201496538e+00
