# z [pc] 550myr: 
1.500000000000000000e+01
-5.016416117953924392e+00
2.703409028770737077e+00
6.700548959880087807e+00
1.175970461992439908e+01
1.627158348873983229e+01
6.862109623455049601e+00
1.947042327680806295e+01
1.084991641635162907e+01
-7.118259522905159287e+00
-1.263382981483590184e+00
-6.897584846679031045e+00
-5.005299301965207448e+00
-1.311421600100627805e+00
-2.972980488653462761e+00
-1.829311448777329874e+00
-3.424560832793255294e+00
-3.533216954001590970e+00
-6.064219566606764644e+00
-8.522594400327209385e+00
-8.742361722220909570e+00
-2.171755426654220500e+00
-2.945032099161565498e+00
-3.421537423465329741e+00
-3.581002582273379975e+00
4.033736581972583224e+00
9.947393663543641296e+00
9.228338206203517302e+00
-3.375311456167048085e+00
6.424041845834087106e+00
7.104332352856246757e+00
4.381496573133434325e+00
-5.669680775056982647e+00
3.514880929964433465e-01
3.019868236199167111e+00
6.606188260903728127e-01
2.637796063023675863e+00
-1.041379712361945264e+00
1.883038776324043706e+00
-2.059651097830044186e+00
-6.077023891874874018e+00
-7.461173286562765128e+00
-4.619035885942828656e+00
-1.391261302299013902e-01
8.433527705800299756e+00
1.098690957730943119e+01
1.349249643131265586e+01
2.225453140812664987e+00
-1.227748128669519517e-01
-9.819950965288045452e+00
8.775748922424206899e-01
1.187617893232755240e-01
4.346869680304818573e+00
6.938721667111410696e+00
-2.654380227787909163e-01
-6.243584564985135005e-02
4.618987425136102942e+00
5.966388214753473918e+00
-2.732184294587871598e+00
-4.405968085644494714e+00
-4.606251376524449270e+00
1.630620696028141747e+00
4.420299597633920996e+00
-1.118568691890897782e+01
-1.059057367126425397e+01
-8.373759617811677103e+00
-2.370849556391977586e+00
-6.940866128143608371e+00
-1.840457393937997210e+01
-2.627683829761556211e+01
-3.077798872465404045e+01
-2.626509499698640226e+01
-2.731082111512601074e+01
-2.893067055099065499e+01
-3.641271393854322014e+01
-4.375024162792092142e+01
-3.427112009902160850e+01
-3.898355440020721119e+01
-2.695997468467733782e+01
-2.968339290780414430e+01
-2.144369581359778110e+01
-1.496966922807380840e+01
-1.062225885289022109e+01
5.632884619451072439e+00
-2.409174782185696628e+01
-2.530192900719582028e+01
-3.204388537769471412e+01
-2.828400437464539152e+01
-3.062608904290432221e+01
-3.600986816826656423e+01
-3.020976625846239472e+01
-1.990783086302047167e+01
-1.048072502566400921e+01
-3.098515992021740928e+01
-2.839238924767875094e+00
3.421871346779322476e+00
8.615998886652217692e+00
1.305592321971447056e+01
1.793427533299833954e+01
1.005188382894768040e+01
1.728151215564474796e+01
7.335080742878689719e+00
-9.465725416695690342e+00
1.005686931755150226e+00
-8.713151210524772594e+00
-3.787458356437129137e+00
-1.495303489554461018e+00
-3.767008112335391345e+00
-1.985276583369278036e+00
-3.023003508859663402e+00
-3.501074410024767491e+00
-6.534277544481419397e+00
-8.636782290751783719e+00
-8.428811201583542356e+00
-3.456726722686826125e+00
-3.685444091872422057e+00
-2.764156545861253811e+00
-4.986677743970957533e-01
6.459279524082488955e+00
9.588721232861315613e+00
6.381214191579873685e+00
-6.102013591398661951e+00
1.360250955122705996e+00
7.085056017882632950e+00
4.348159870776346025e+00
-1.790738446514664517e+00
-3.062313973422458258e+00
3.627640850220594348e+00
9.824811162330139291e-01
2.708818828422989711e+00
-7.374470244474133906e-01
1.559287228670288572e+00
-2.794031489908241017e+00
-6.739539805750695223e+00
-7.702833457953358831e+00
-3.629145049936219447e+00
1.348217077326104185e+00
7.873978788930839023e+00
1.083987318496805585e+01
1.110092564540241611e+01
-2.962063783045447707e+00
-8.233774861358794439e+00
-1.661406031553999574e+00
7.174072017979773896e+00
-1.076725284486775536e+01
5.351802159874456066e+00
4.852803808053378631e+00
6.717148096909347998e+00
2.884180112137517238e+00
9.113048068588437189e+00
3.924773296990565097e+00
-2.235156891646097765e+00
-4.719337023757833371e+00
-4.857604966153791892e+00
3.796422361820101621e+00
4.271580884824681235e+00
-1.136058214042206238e+01
-1.071813113349342927e+01
-1.671927731846139631e+00
-1.023360972761389220e+01
-1.184166352623001117e+01
-2.027725645827994327e+01
-3.097559135355292881e+01
-2.585459628329939719e+01
-2.354205038610015777e+01
-2.793832866499297651e+01
-3.070493630676662633e+01
-3.686303998189021769e+01
-4.269170327973841239e+01
-3.498626482641907387e+01
-3.774292558300449230e+01
-3.207542309259855529e+01
-2.769089162920047897e+01
-1.978262143176263876e+01
-1.416172483874181864e+01
-1.041813360661642207e+01
1.242498150323195105e+01
-3.022727809112721076e+01
-2.812683154319796586e+01
-3.260047823932183064e+01
-3.056442703396736960e+01
-2.894334729115828608e+01
-3.530388889831822752e+01
-2.609129058465221362e+01
-2.530687807792277511e+01
-7.950232466374681728e+00
-2.972727065362380117e+01
-1.275178222253033011e+00
4.703618691533534957e+00
9.118248002185282530e+00
1.336504858014926889e+01
1.652413585246101135e+01
8.654547065314346810e+00
1.068705111933536500e+01
6.529217192890848231e+00
-7.397021844255037060e+00
1.042558383340959516e+01
-1.451804834738694927e+00
-2.351113982300898630e+00
-1.380930849894039136e+00
-2.366469078513293578e+00
-3.682772110230321250e+00
-3.223003071454580315e+00
-4.249714127544842235e+00
-6.694481745316764432e+00
-8.781310071705314968e+00
-8.144789703906779366e+00
-3.785213155683746500e+00
-6.972121385207310951e+00
-2.112454033404819853e+00
-1.707395060249965679e+00
9.337189185821056725e+00
6.357060336896558361e+00
8.128356221731745990e+00
2.697727774614723462e+00
7.232971434317380321e+00
2.137726495085567890e+00
3.815900390543775167e+00
-5.265170230962087139e+00
-1.324915554751035840e+00
-3.207986261117793947e-01
1.674432190430800382e+00
-1.488578682757435989e-01
-4.869919787891929808e-01
1.059152982916996999e+00
-4.098692409304227624e+00
-6.870723954848824810e+00
-7.454107990836616793e+00
-1.616047683571194993e+00
3.290659979306279848e+00
9.030951776860668190e+00
1.148641345473441433e+01
3.735691428181143192e-01
-1.012466998425010978e+01
4.506145563466771975e+00
4.365636452860789163e+00
5.509002163417977549e+00
-1.571929568718701375e+01
6.189719194242668365e+00
5.754372896040866436e+00
5.529203162932297744e+00
5.976116662469123320e+00
1.025188217430456739e+01
6.059829544673837276e+00
-3.815290959434895157e+00
-5.805342657088463199e+00
-3.951767580730334295e+00
4.086729210412091362e+00
3.738264797328620492e+00
-8.969296930549607083e+00
-4.153437726766988192e+00
-2.742720155841225083e+00
-1.183906126724465047e+01
-1.825143691307427574e+01
-2.278218117729583270e+01
-3.375393553790392076e+01
-2.270238721745117871e+01
-2.192258192871496547e+01
-2.903821486138021868e+01
-3.203799509291141590e+01
-3.914876805343061505e+01
-3.761317298940718956e+01
-3.885156646761907240e+01
-3.569545072923246209e+01
-3.287943292352362334e+01
-2.568984905678514963e+01
-1.788651373632028907e+01
-1.308841095982806557e+01
-1.052470268215177285e+01
-1.482783836421054158e+00
-3.071141819494424396e+01
-3.105487879915342120e+01
-3.047760439485980299e+01
-3.527094270723843294e+01
-2.900755789403905638e+01
-2.904942805667446493e+01
-2.539799745653060370e+01
-1.865802609533285050e+01
5.957692972742940185e+00
-2.731735476164257292e+01
7.516117394720110978e-01
5.440396966462478723e+00
9.924969396669498067e+00
1.495908254853217656e+01
1.769233559417270030e+01
1.174848617903823822e+01
2.570628447755879975e+01
-4.760658686716680243e+00
-8.540689285624303295e+00
1.153603150622925533e+01
-2.210201337445590219e+00
-1.606369144804558724e+00
-1.428077151306198056e+00
-2.435764455111487425e+00
-3.472466652653747321e+00
-3.155447408570040135e+00
-4.495282272058942041e+00
-8.084242977173039080e+00
-9.271762036273127450e+00
-7.375071856859360508e+00
-4.757082942737008047e+00
-5.657979289221834129e+00
-4.588141895652362301e+00
-3.406962270623236644e-01
9.146599018147242077e+00
6.612256319290745310e+00
-3.823876206172990955e+00
9.669134871436879664e-01
-2.159566966229334639e+00
-3.154376821282125931e+00
3.037124875086826936e+00
-6.932345075308536053e+00
5.244238448873881353e-01
9.763133262078094177e-01
2.303844940559743038e-01
-5.441790513066125934e-01
6.832106756208394804e-01
4.701152750292687532e-01
-4.942199196978559250e+00
-7.002459889292879325e+00
-6.875755811655473337e+00
-1.185374649123262847e+00
5.754680043930449074e+00
9.477066921667045563e+00
1.226610657809467320e+01
1.252536335894884267e+01
1.121043767704537863e+01
3.508766647882234579e+00
2.810091375160228555e+00
7.684915044385526528e+00
-8.173977416078471947e+00
5.842542882739254040e+00
4.261106299050952728e+00
2.524200285116184883e+00
2.710113393148010807e+00
-1.189238720004649696e+00
-6.086530994155646468e+00
-3.852371935775886325e+00
-7.523693168317111102e+00
-2.199937227386322913e+00
5.324707356920269419e+00
3.787393948680330968e+00
-1.407610022378426784e+01
-1.759792670832111483e+01
-1.539615527844762077e+01
-3.630481698262089107e+00
-7.027239544794575465e+00
-2.442365815826507003e+01
-2.954623791782692166e+01
-2.654170594663680305e+01
-2.512094048244586730e+01
-2.903797695159023462e+01
-3.334329236534311036e+01
-4.362396117827141495e+01
-3.406200950297100150e+01
-3.987761209288836994e+01
-3.473144567367560143e+01
-3.183690897539447562e+01
-2.250290014261290139e+01
-1.502514355499253895e+01
-1.404255200979754825e+01
-1.247677351047844674e+01
-1.237677228361909521e+01
-2.183515651049121686e+01
-3.262828735411360270e+01
-2.910571529093823884e+01
-3.482965848889607230e+01
-3.018022205654320445e+01
-2.243538160575424811e+01
-2.323648197548395444e+01
-2.445737322221994248e+01
-2.247102813617909423e+00
-2.241483829507506798e+01
1.965753552839923035e+00
6.930957832383575656e+00
1.139413549906960732e+01
1.579236988746908743e+01
1.862063868748973761e+01
1.594783199244663940e+01
1.525628128663228367e+01
-1.479341849764646444e+00
-3.491271250418292449e-01
8.600965524913137372e+00
-5.287912356232191691e+00
1.326718781596686769e+00
-1.746451948004865695e+00
-1.750883421450508459e+00
-3.470217746896208766e+00
-3.393631233518428658e+00
-5.264427831511003575e+00
-8.500678688276082084e+00
-9.536130988940726638e+00
-6.519871693227987208e+00
-4.200502826444332705e+00
-2.910600144594750915e+00
-5.076972042238747207e+00
1.962666590391886512e+00
9.652109411350588530e+00
7.909849931171780035e+00
-2.563328964312846292e+00
2.340685688359244399e+00
3.423538436396341700e-01
3.600470314147181106e-01
4.234161173395107447e+00
-2.078958775049410512e+00
2.020787354828319504e+00
2.309503761509221764e+00
4.081559337189455405e-01
-4.939230381677606196e-02
1.245224371693867793e+00
-1.744491526684266991e-01
-5.193253941473064295e+00
-7.028100825759987735e+00
-6.169651025011501311e+00
-1.385798526332757907e+00
7.403449511479265333e+00
1.067952748671649843e+01
1.224571891931048739e+01
8.886137658891266611e+00
5.768526869781044120e+00
-1.245191074547286725e+01
5.284944784002342244e-01
4.693696558927838325e+00
-6.928029854045708369e+00
7.442746011928434768e+00
-9.872562242512245012e-01
-4.830068214647130098e+00
-4.026300328933747785e+00
4.510740811672509842e+00
-4.369558803622465071e+00
-2.840571401104203364e+00
-8.273867102764860704e+00
-8.893246513418703314e-01
4.568425422226253474e+00
4.381463626254136656e+00
-1.249032696281108556e+01
-1.681585318749376157e+01
-1.928498103210457160e+01
-1.149407397857396873e+01
-1.363949633932243799e+01
-2.385102417419836840e+01
-3.217315845559226517e+01
-2.658771396593263958e+01
-2.727710077789044263e+01
-2.931993425453233115e+01
-3.422122692859293380e+01
-4.420131706727437404e+01
-3.373301767444438326e+01
-3.982025677999907742e+01
-3.199309125268789700e+01
-2.777868122683595331e+01
-2.261669056104518916e+01
-1.647846041193922773e+01
-1.203236834199895355e+01
-1.108989026272178613e+01
-2.027850862204871163e+01
-1.977108701668096558e+01
-3.168957445584674204e+01
-2.906503734779129999e+01
-3.185220738171657118e+01
-2.871445619153063333e+01
-2.827493181327383809e+01
-1.939402246731953028e+01
-1.852052092148461071e+01
4.240281982304466624e+00
-3.059552173642204309e+01
-7.626473514071603788e+00
-3.845993073536229656e-01
7.213974353351991553e+00
9.923499673109276387e+00
1.460854443202562969e+01
2.007295655452538341e+01
1.846370035910034701e+01
2.416823470130599461e+01
-6.262215298163001265e+00
-9.430155993117901758e+00
5.015576371193020577e+00
-2.510520611477089492e+00
-1.548081633324120410e-01
2.946542350516075798e-02
-1.062288308101356771e+00
-2.026381337603298860e+00
-2.572568875098592667e+00
-5.340976706551098907e+00
-8.523419644302554943e+00
-9.874352850256494563e+00
-4.661384677765139983e+00
-4.166077914943263849e+00
-3.793609721927800660e+00
-6.007127497220330348e+00
-1.040121586302953149e+00
4.863999392390550902e+00
-9.297450462613965350e-02
-2.861751029255090728e+00
4.529256485767336748e-01
-6.998614822431996618e-01
2.916535011727238391e+00
-1.047180647935081588e+01
-2.998820580096571486e+00
2.503821473054054447e+00
2.791290374681771436e+00
2.650799692031400756e+00
1.066237842608503295e+00
1.881218265998932937e+00
-1.075601471233717632e+00
-5.579981292526442260e+00
-7.936120175725533521e+00
-7.043393061182555037e+00
-1.163728956195689834e+00
6.953310987549968125e+00
9.498207729604342120e+00
1.326733797341790577e+01
1.521766967326927045e+01
1.843517261980264976e+01
5.607230906233513501e+00
2.815672332352237017e+00
5.208334597781287378e+00
4.927986977767404575e-01
3.632091411580657958e+00
8.656810613213373751e-01
6.660081372785883858e+00
-1.963174819033442153e+00
-5.334881533274482557e+00
-6.180004002856148482e+00
-7.073420830383543745e+00
-7.981134839320651153e+00
-2.195033580365996606e+00
3.502993253332724155e+00
-1.218858926594866254e+01
-1.349872738512533488e+01
-1.681787252659945509e+01
-1.712615145667037808e+01
-5.233590118638553612e+00
-1.228962342539822927e+01
-2.601458524674042394e+01
-2.171552926369272996e+01
-2.657299134244103911e+01
-1.780070364146491357e+01
-3.007355651437858768e+01
-3.395290035573674459e+01
-4.375055598997760598e+01
-3.548595439854648959e+01
-4.084465370664297268e+01
-3.341088802112085432e+01
-2.669089989370486293e+01
-2.117901890026156408e+01
-1.624535851305096301e+01
-1.261736956037228197e+01
4.408319367074038375e+00
-1.737964957024574275e+01
-2.811288495510277841e+01
-3.376994153333347981e+01
-3.311404169482122484e+01
-3.353564935694990368e+01
-2.904487211554488013e+01
-1.736425409761147876e+01
-2.560255367315687636e+01
-1.701055519761313661e+01
-1.963500024748244854e+01
-6.834851163694020570e+00
-3.287030680555473872e-01
9.264365514420033421e+00
1.105006112054890188e+01
1.585097894165849119e+01
2.017431729857533895e+01
1.802958037665112556e+01
1.886357089026958533e+01
-1.666834357695814450e+00
-3.711044361284448811e+00
-5.603431804520960569e+00
5.708100920206504725e-01
-8.543308881529243504e-01
-1.070195446009619467e+00
-1.002233002090135994e+00
-2.174860303599664313e+00
-2.536983767106499865e+00
-6.003863781410921696e+00
-8.843500626175714530e+00
-1.000454498040867435e+01
-2.299488304563910734e+00
-9.658959892596264973e-01
-3.847690340255165875e+00
-8.045232703948562047e+00
1.885023111761769066e+00
5.689945821773600088e+00
4.726615560709491071e+00
-4.854334868599796238e+00
4.262097283394302494e+00
5.828312618254366306e+00
4.212404596290612702e+00
-7.922007035787240525e+00
1.862347723031979041e-01
3.760064782420353247e+00
3.390060658028655638e+00
3.393169755090197359e+00
1.413386003167409477e+00
1.341052327631108598e+00
-2.006885848191293231e+00
-5.941523881736887169e+00
-7.735413374662584829e+00
-6.086412256303637136e+00
-1.178311054794358492e+00
8.015109139070283106e+00
1.056579994470367545e+01
1.154486880132386162e+01
1.153171138937969609e+01
8.815122721631415414e-01
-1.439109837036909134e+01
1.020064373219196074e+00
5.149689331141413362e+00
-1.390947807676038428e+00
7.018588945141526203e+00
2.115037704694503251e+00
-1.300478368676499519e-01
-2.400443994287236205e+00
9.633979843794849840e-01
-8.018553742939593221e+00
-6.369762042165184823e+00
-1.004972894899463931e+01
5.734316527215833625e-01
4.061733298681804882e+00
-1.116046041140230827e+01
-1.247993079825863383e+01
-1.506610831314995913e+01
-2.280455774002613012e+01
-1.417262421708918652e+01
-1.861232391871845948e+01
-2.567558587589207519e+01
-2.857354354684649778e+01
-2.690317923592851557e+01
-2.378802456170255653e+01
-2.754557858336302800e+01
-3.595934439166097008e+01
-4.394105388430279646e+01
-3.580564252294266936e+01
-3.913863459309752812e+01
-3.171515969022166814e+01
-2.716213433402683819e+01
-2.019599016661388902e+01
-1.443631112303587472e+01
-1.100423639481599558e+01
1.370890079368939674e+01
-2.460916550226582089e+01
-2.098833004729820573e+01
-3.363388895267673462e+01
-3.228384537267225340e+01
-3.287693763711224193e+01
-2.527261227834963364e+01
-2.666451309681398030e+01
-1.626029100483275514e+01
-6.207579672230310486e+00
-2.675473468089719020e+01
-4.401854711750389448e+00
1.666149299572040166e+00
9.187361903588032064e+00
1.200832734491015508e+01
1.735327620195629450e+01
1.736872378736779865e+01
2.083088922862802761e+01
1.213684077800713190e+01
-6.864886101912120786e+00
-2.099095682146361774e+00
3.476820156551927443e+00
-3.095553085774397584e+00
1.879271639914497916e-01
-1.926294126011502073e+00
-1.690318862565023172e+00
-1.148194608877286527e+00
-3.176004549472028149e+00
-6.916326960412079394e+00
-9.089744723324091780e+00
-9.177326220536706103e+00
-2.061350331046374773e+00
-3.048733565796786671e+00
-5.726422761456360533e+00
-4.620533671196224823e+00
3.628609307269519135e+00
5.834871564649783515e+00
7.227523585701872477e+00
-4.380011692071875906e+00
6.771851140575547490e+00
-5.847139410994526720e+00
4.603165807846605340e+00
-6.833606186754725087e+00
1.270729557567707779e+00
4.452229366342865369e+00
2.416974798334871721e+00
3.060321158302223843e+00
1.735027316937371555e+00
2.510581092616780641e+00
-3.114628157105975070e+00
-6.660615189123104685e+00
-7.294947678345273800e+00
-4.786593099485763503e+00
2.928081065750872458e+00
8.547065212486604224e+00
1.099547453248298545e+01
1.485609034637272785e+01
4.986316415163973836e+00
-1.502744671343582361e+00
-1.059819774974554285e+01
1.569713568845690022e+00
-2.209246445693594740e+00
1.700253415646614696e+00
7.741360913890463102e+00
-6.077367414218257657e-01
7.348594028321541849e+00
2.777200045743307033e+00
-2.837120291256052251e+00
5.139088494727057643e+00
-7.252723321214213925e+00
-5.716532480017701978e+00
-1.590927158361428395e+00
3.864370129010040511e+00
-1.121351919290922616e+01
-1.010874375978724160e+01
-7.857571987898120724e+00
-4.028996647776006412e+00
-1.213544199546883462e+01
-2.139466064934947909e+01
-3.063902651449291881e+01
-2.878406047761788855e+01
-2.650371068776822980e+01
-2.655228710788604474e+01
-3.005804445206443276e+01
-3.668011902226777465e+01
-4.516462088262363750e+01
-3.565293856736364830e+01
-3.772347582624360030e+01
-3.752233446067879186e+01
-2.709163410089369961e+01
-1.956537993605457260e+01
-1.300212154735258174e+01
-1.457415904103394766e+01
5.873447369381753269e+00
-2.823660011903320566e+01
-2.588426569882770067e+01
-3.337666801160737151e+01
-3.156946925990066433e+01
-3.042724703516437401e+01
-3.778948077541986805e+01
-2.417017090162700299e+01
-2.413491089772950815e+01
-9.378621606061155802e+00
-3.035930139016346629e+01
-2.263202872092633378e+00
4.963659773994191227e+00
9.373710094658843417e+00
1.301453035698378002e+01
1.765511766310496355e+01
1.722988015897096759e+01
1.846956937282915945e+01
1.145909209922971428e+01
-1.096845786280710655e+01
-1.221608118837677337e-01
-4.976546522490552071e+00
-1.934773074042473340e+00
1.142202464319295174e-01
-1.401877107393876720e+00
-1.727143178591261652e+00
-2.077759631987158517e+00
-3.503540201230348927e+00
-7.221886203620015543e+00
-9.163909333841854021e+00
-8.976207773002618850e+00
-5.051591683321754012e+00
-3.443750652670405366e+00
-3.196314205409598763e+00
-5.378921218486111933e+00
4.147244940243949962e+00
6.392021074498153155e+00
4.453196543791638540e+00
-4.977830034717704244e+00
3.185271149649146594e+00
-4.753717032154540334e+00
4.644530469079856339e+00
-6.673892005178398534e+00
1.238637871095676468e+00
1.934897331540683663e+00
3.126421804804479621e+00
1.330832815717727602e+00
1.809267258698683989e+00
1.655376018777081182e+00
-3.827423529946929470e+00
-7.056471792505432106e+00
-8.296446750785770874e+00
-4.172972152734799600e+00
3.301632497264307631e+00
8.737767066759049683e+00
1.187854944455504302e+01
1.279062449414661451e+01
-1.049796279012756184e+00
-8.686778500878013176e+00
-2.857919768567368513e-01
1.986016110299021697e+00
-1.053445225839039345e+01
5.565019647847087469e+00
6.322686175958660115e+00
4.919523233890607194e+00
-1.356944143778083145e+01
8.745705888217171875e+00
4.494706303200815434e+00
4.375943866998458276e+00
-6.216398126753687414e+00
-6.370144124114300865e+00
-2.002330140713854512e+00
4.538967468833456032e+00
-1.064497328146775779e+01
-9.706921992181337444e+00
-8.247189943919185140e+00
-9.202687832575326965e+00
-1.512178147596977951e+01
-2.332676347671260331e+01
-3.341079826053695712e+01
-2.637869913648969700e+01
-2.136420903693184670e+01
-2.832122219045133704e+01
-3.208078780702044241e+01
-3.825404272644961878e+01
-4.056478621275061158e+01
-3.913647948183785275e+01
-3.590865783134696443e+01
-3.656669698687748138e+01
-2.578405544248076353e+01
-1.796464263986623422e+01
-1.267946324270652525e+01
-1.102290506108514556e+01
1.520836274600720195e+01
-3.071323193374662353e+01
-2.960539619289562197e+01
-3.201707769648358237e+01
-2.866794948823816824e+01
-2.892951492667357627e+01
-3.534802116544579320e+01
-2.094268023131127165e+01
-1.972527046361377856e+01
3.863643184156916099e+00
-2.992356200556869439e+01
-1.485532635231817000e+00
6.606051013535043204e+00
9.833931956393959339e+00
1.400324629955462719e+01
1.881138292463257145e+01
1.382038027965820071e+01
1.374068139290861978e+01
8.852278384285035884e+00
-1.050944772022624107e+01
1.104995726862487437e+01
-3.868195252534645245e+00
-8.611114893525289027e-01
1.846317314170330959e-01
-1.182566815774378055e+00
-1.904821874748717558e+00
-2.517553510737168487e+00
-4.630171816583406930e+00
-6.369003427227101000e+00
-9.203555582902769316e+00
-8.386543256121266054e+00
-3.848064348036082993e+00
-3.284997684898522508e+00
-2.046109570818583023e+00
-3.252524853907773128e+00
3.927688136545329112e+00
6.438184007577860690e+00
2.885091096052831539e+00
1.958330184276145136e+00
7.345434671154900563e+00
-3.962492685898983513e+00
3.713571888720978098e+00
-5.257591921432887894e+00
1.200475133822649143e+00
1.779906077231850903e+00
2.676124156530054421e+00
1.044040847016153295e+00
1.950184761027919267e+00
1.412453184094328573e-01
-4.692050138458065511e+00
-7.553699449507564445e+00
-7.803892256006276007e+00
-1.675339814383620007e+00
4.465791045614150967e+00
8.961231286326897916e+00
1.227986674027132707e+01
1.073027175976187841e+01
-1.139366382862022320e+01
3.383109024876524984e+00
5.521192386416302611e+00
4.782961107608118212e+00
-1.411004821644710105e+01
6.658795854867627817e+00
4.894609964681855274e+00
6.348439245799553099e+00
4.145906262485103966e+00
9.987617740514192377e+00
2.602650275720369333e+00
-5.771614450390402773e+00
-6.686692898350363734e+00
-4.229089705789838227e+00
-9.927500560734386914e-01
3.742973715032008375e+00
-8.594784655234729343e+00
-3.400165772309788448e+00
-3.869990490042847231e+00
-1.648618540039442237e+01
-2.011448859418039703e+01
-2.622102338166689961e+01
-3.775906034626093088e+01
-2.565061384709293080e+01
-1.903148048969984174e+01
-2.919415648571855115e+01
-3.350198147105309232e+01
-4.284708534293651638e+01
-3.541313778292749248e+01
-4.098506840299910436e+01
-3.454304019936248693e+01
-3.059199381986064736e+01
-2.308138607947418564e+01
-1.670823188647004187e+01
-1.213223418763549155e+01
-1.032203410829545831e+01
-6.267807070677801740e+00
-3.095871949693653491e+01
-3.181065323265043432e+01
-3.008817161682763697e+01
-3.350450900874866278e+01
-3.005696403390395233e+01
-3.297198806070336019e+01
-2.638360220541321866e+01
-1.297744300800092354e+01
1.838589739203225903e+01
-2.792876347587007047e+01
-9.104953602170954952e+00
-2.676173893024810901e+00
3.579371903521363585e+00
8.922875970012205116e+00
1.287699123782472199e+01
1.934102197030934889e+01
1.931705772168297486e+01
1.923009414731420108e+01
1.306705587272912084e+01
-1.142807360669747396e+01
6.132514486384048169e+00
-4.686136843152257647e+00
-7.600483835770013852e-02
1.634583689290720399e+00
-2.588395882999562289e-02
-2.179932343250170768e-01
-1.515489602788238077e+00
-4.240175974770030720e+00
-7.671286656596918441e+00
-9.718617026015497373e+00
-3.968085319255054699e+00
-4.620106582548669572e+00
-3.737958042737997033e+00
-4.362057948692869225e+00
-6.290183746884424387e+00
-7.621904042027485282e-01
1.128650783531647939e+00
4.690607771898357647e+00
-4.544756733719411912e+00
2.801085984125886164e+00
4.261860639484837066e+00
-1.257560943819419208e+01
-6.490894182774376020e+00
2.609162244017511068e+00
3.702344580456748968e+00
4.242655594712600120e+00
2.542067737001800776e+00
3.553447727484671415e+00
3.448807406174742574e-01
-4.263799052976206205e+00
-7.632186981415502558e+00
-8.553865553230124874e+00
-2.825796789468261849e+00
1.946723895171186269e+00
8.414846579662247805e+00
1.166823719480428068e+01
1.453466910299510850e+01
3.746960092240634310e-01
-9.034823794026303645e+00
4.579660014845047478e+00
4.855329464701945597e+00
-4.069180775378456794e+00
5.430968761316530724e+00
5.650277979974812403e+00
6.444127553929358321e+00
5.434045182458151935e+00
6.394955040058867723e+00
5.172098340713355391e+00
-3.808893703974778777e+00
-8.171599794241869219e+00
-4.135532868218522395e+00
4.188828720457368426e+00
-1.073514856379439841e+01
-1.044662594088916130e+01
-9.602226392500668339e+00
-8.411997169835872867e+00
-1.284177433962950587e+01
-1.746175295487438461e+01
-2.677072334751455784e+01
-3.443483828948286174e+01
-2.752563277879639969e+01
-2.130075713729688047e+01
-2.765263362583286977e+01
-3.104904810621974676e+01
-4.576456445251369587e+01
-2.907596823056296387e+01
-4.595408201279388294e+01
-3.679901159852101955e+01
-3.034184699559006049e+01
-2.218497972490244408e+01
-1.629398633733047319e+01
-1.202220381615855693e+01
1.463391531812062674e+01
-4.333668318132629871e+00
-3.023223951279287292e+01
-3.052539661335914545e+01
-3.111403667799693196e+01
-3.503225793501499652e+01
-3.000398263939043275e+01
-3.170354537457757260e+01
-2.593283623149299189e+01
-1.393447940774029803e+01
-2.995330657557936505e+01
-8.086740856128802335e+00
-1.886798762125370121e+00
6.201643287076024080e+00
9.423045315009806799e+00
1.413728418868128145e+01
1.914064544938095835e+01
1.288350761686662160e+01
1.778199200786993472e+01
5.087248030148622924e+00
-7.904162764501582394e+00
1.006095440098870775e+01
-4.332737734502705607e+00
7.890025691829899435e-01
1.552356197583629971e+00
-2.703785465000844712e-01
-3.984117117704291666e-01
-1.891426474437467808e+00
-5.249230934361817091e+00
-8.151055841187940132e+00
-9.588434122307546659e+00
-4.337685850877059934e+00
-2.490204310526316966e+00
-3.106698786982359017e+00
-5.090481740463237870e+00
-2.908050822117128842e+00
2.477547271908142057e-01
7.970298998841840010e+00
7.461317366221544845e+00
2.327194282796959168e+00
8.426686549743038768e+00
3.613185113175568564e+00
-1.316068091716269706e+01
-4.558246110991233557e+00
2.800019891851829978e+00
3.152395705765244749e+00
3.810471347996037039e+00
2.271270447751555732e+00
2.992220463186911150e+00
-1.001629468037855020e+00
-5.183693604075169326e+00
-7.989098110659258900e+00
-7.691976520643246218e+00
-1.717929257056878711e+00
4.007039913184404334e+00
8.628640202225133393e+00
1.258053153790832290e+01
1.322078815563884291e+01
-6.690804225893055346e+00
1.293618232225783204e+00
2.867249490956258917e+00
8.111223360104816038e+00
-4.333612431442175783e+00
6.641836119202625177e+00
2.963453007663121141e+00
4.915669345734416495e+00
5.543811998002970753e+00
8.904298259655808678e+00
3.376476455087429329e+00
-7.554734126874558697e+00
-6.716487221681622266e+00
-2.193266383758973870e+00
3.519487460877471108e+00
-9.362429875099287813e+00
-7.125803689909036898e+00
-1.649127091364836206e-01
9.500319249081718098e+00
-2.309733788707873359e+01
-2.437666740578182001e+01
-2.719554001752348427e+01
-3.492062906467662486e+01
-2.526273203886157503e+01
-2.446070205434165601e+01
-3.013835954863438360e+01
-3.406816545225164816e+01
-3.989221061710074423e+01
-3.645044971499851982e+01
-4.455236072832486371e+01
-3.391110066067042794e+01
-2.307823862908078638e+01
-2.114430248936705325e+01
-1.486703022360811666e+01
-1.110816119674158919e+01
9.778376931284512352e+00
-1.442496963404682120e+01
-2.836774174116604641e+01
-3.250081446837661048e+01
-3.472158162012743077e+01
-3.290577668966243152e+01
-3.008677979567478999e+01
-3.013768151539470708e+01
-2.707496493570252127e+01
-8.621833405218605861e+00
-2.831325640615750672e+01
-7.035066257621393149e+00
3.440965007248347751e-01
8.047012529000800996e+00
9.449651416052189390e+00
1.452211397365724110e+01
2.141341359341195272e+01
1.611296912228369393e+01
2.369811970469405793e+01
-8.465414535816737640e+00
-7.884992689006147693e+00
-1.119016578282812269e+01
-4.579922958799486743e+00
2.661217377741196710e+00
1.312527019309235543e+00
-4.610138805794501415e-01
-4.068192489304072734e-01
-2.130855916533428651e+00
-5.941447707822359092e+00
-8.857726579979450676e+00
-1.021772766362753160e+01
-3.137521485141871125e+00
-4.165085435225700294e+00
-3.120521126984025617e+00
-6.014615180612191914e+00
-3.213347846713970224e+00
-1.950651295639023799e-02
5.061478093856651483e+00
-3.603917913311026844e+00
-1.958095057184644272e+00
4.785368565250026407e+00
3.760187239627596600e+00
-1.182189716143684599e+01
-1.246175261898786468e+00
3.799941995847668785e+00
3.697884899308131690e+00
3.384075312688262116e+00
2.264433679789613851e+00
3.096537318491711765e+00
-2.053762486024272693e+00
-6.031696731263981981e+00
-8.563641609158935353e+00
-6.458602421403316640e+00
-2.993208296285459813e+00
6.812213511138497601e+00
9.288461514317539525e+00
1.309284228266669281e+01
1.447968265695354084e+01
9.275752827262675027e+00
-5.076265188818328333e+00
1.817998756917641234e+00
3.902449249211134230e+00
5.715042592297145951e-01
4.587405678842492840e+00
4.642419435904368896e+00
2.174283674378766129e+00
-7.971537770362964181e+00
-6.040356505308719370e+00
-6.391333062823294497e+00
-7.224027963734131141e+00
-1.055938770319931486e+01
-2.113808073832905254e+00
3.416945890078600723e+00
-1.117451132801563318e+01
5.429242700529717247e+00
-1.713501874078809095e+01
-1.809469315485101504e+01
-1.035919467170766595e+01
-1.862776436844769279e+01
-3.375318528400745066e+01
-2.148599486555897542e+01
-2.781073900473787930e+01
-2.047837049354523842e+01
-3.096545597130032235e+01
-3.613266986380410373e+01
-3.935889625522050039e+01
-4.043286246801041273e+01
-4.087887764189191131e+01
-3.291115616163476432e+01
-2.593496413494256814e+01
-1.935292478196085142e+01
-1.422578875544853538e+01
-1.185575609458559221e+01
1.068764427011907259e+01
-2.255664244878763469e+01
-3.052328610881450999e+01
-3.485483049673768363e+01
-3.451954081897392967e+01
-3.239868271797816135e+01
-2.448063174871711212e+01
-1.532920336830798114e+01
-2.479442154642035234e+01
-6.827380620729432081e+00
-1.703219135151574548e+01
-6.147826925120821961e+00
1.026673395443537640e+00
4.577013960791878944e+00
1.092322346875008954e+01
1.603053995369721818e+01
2.113389877544774009e+01
1.830831408315055242e+01
2.213318212571872579e+01
-4.378033930145222463e+00
-4.673169386493737143e+00
-1.098652651219443666e+00
-2.797528556793471122e+00
1.487093197172741021e+00
9.894013664381520745e-02
4.160341038242774125e-01
-1.084986976215750243e+00
-2.774946102905940570e+00
-6.670877718700249481e+00
-9.346822796034995662e+00
-1.039177490214857080e+01
-3.620044312831415034e+00
-2.787675586400630845e+00
-3.727699113600553726e+00
-8.209969110575702445e+00
-2.500936302653538501e+00
3.165193465175887066e+00
7.158936180592252008e+00
-6.574083682274404872e+00
9.944254484792807602e+00
-6.069565574388517959e-01
4.072495256724304902e+00
-7.549664203760972470e+00
1.442335597244404743e+00
5.250862020775156402e+00
3.289365923815458448e+00
4.444991896613268878e+00
3.037650857890438427e+00
2.528355625373817528e+00
-2.860755465960370003e+00
-6.522700605902368665e+00
-7.837901063511914401e+00
-5.754491857800276833e+00
-3.112591295250350942e+00
7.335432784377734272e+00
1.026440149418719017e+01
1.365362322937894923e+01
1.181900015355100741e+01
6.676582155283838915e+00
-2.163896614870272828e+01
1.163882637843466794e+00
-2.495110118499438201e+00
2.501707279155544139e+00
6.537790933915102798e+00
1.107949413115429715e+00
8.256195386988492757e+00
-6.347751070119501016e+00
-1.307629069417798640e+01
-7.133981453916237392e+00
-1.166364734089597377e+01
-7.201090999525185943e+00
-2.629131760942501561e+00
4.230177105273859262e+00
-1.005236952966994401e+01
-1.202925795101653073e+01
-1.547848885024747467e+01
-1.466889154835899234e+01
-1.672461128867186275e+01
-2.072889230284402373e+01
-2.722505936813141147e+01
-3.083864999833755149e+01
-2.702644804263244183e+01
-2.238428767764488825e+01
-3.144202101077260281e+01
-3.636508409732505243e+01
-4.059265450222058291e+01
-4.297090637188251350e+01
-3.743988279024738119e+01
-2.647304371104020859e+01
-2.494951499974214570e+01
-1.845154835752763489e+01
-1.219722186084406168e+01
-1.179136375901799383e+01
9.826499220644519639e+00
-2.257657152385775845e+01
-2.636064372398902478e+01
-3.445134022290753961e+01
-3.347166184124942845e+01
-3.142225612038129157e+01
-2.306431220113208980e+01
-2.479677366925226778e+01
-1.153927296129702107e+01
7.916630763688347061e-01
-2.365979834949160932e+01
-3.297144104498225925e+00
3.283260931100916657e+00
8.881083174547431014e+00
1.179399038305830238e+01
1.819641294947548715e+01
1.997555235934020956e+01
2.253731275421333180e+01
1.209545268805315210e+01
-8.249900896516093596e+00
-3.565057241039317315e+00
-3.228272371535305219e+00
-1.084878694984326764e+00
1.599606507191068561e+00
5.720071251824373343e-02
5.090417480917670823e-02
-1.492400089547162523e+00
-3.663738766671953417e+00
-6.421275059386839956e+00
-9.365229507334168702e+00
-9.680323946371443000e+00
-3.032698162492613481e+00
-3.273660483841059232e+00
-6.390992410998530993e+00
-6.820857547370636098e+00
-1.199479792800442590e+00
5.769253587040567233e+00
8.545084600417721887e+00
-5.103276177921506118e+00
7.962003496817562365e+00
-4.094056697396198707e+00
4.484463706499046687e+00
-5.276230911721437877e+00
1.652086751221317540e+00
4.221680158261631455e+00
3.354865659754930007e+00
4.465722009272693249e+00
3.066892130844899089e+00
1.380503226957600527e+00
-3.618461834264364185e+00
-7.149886729224727233e+00
-7.946362792458854685e+00
-4.592624651491393983e+00
4.249943224169248912e-02
7.990083768124347507e+00
1.105970102493904328e+01
1.678549919439859295e+01
6.095489842169041772e+00
-6.872704866036673188e+00
-5.538560143554595250e+00
5.662899911869024860e-01
-5.886952838229949414e+00
4.326730385123702227e+00
6.701507558887253246e+00
2.149304338978358653e-01
7.253221773088618818e+00
-1.723870445604959445e-02
1.981089238821867049e+00
-3.519831612472370530e+00
-6.922643827591214105e+00
-7.217320187882590332e+00
-4.019433165383302864e+00
4.334277157729277796e+00
-1.073356446374932638e+01
-1.041016959621712523e+01
-1.112294007392847917e+01
-9.558860234571817216e+00
-1.584109296829926627e+01
-2.269741333927193594e+01
-3.167045000979596381e+01
-2.852098189564878439e+01
-2.756466354502250127e+01
-2.338474703066643912e+01
-3.214159380780110808e+01
-3.809007373407983010e+01
-4.280858715184098884e+01
-3.914058678354221854e+01
-3.525571921910561457e+01
-3.057908758689461592e+01
-2.517375569649780687e+01
-1.706077745009308444e+01
-1.252867340344520208e+01
-1.242117331693380855e+01
-1.666130166966570680e+00
-2.934388560864270445e+01
-2.844209958999305243e+01
-2.884905777208995659e+01
-3.365119652308051457e+01
-2.925814418608148770e+01
-3.586457390559306191e+01
-1.896176376564517696e+01
-1.867682239264242838e+01
8.029150540661859736e+00
-3.083480638421177389e+01
