# x [pc] 550myr: 
1.500000000000000000e+01
2.656349019120846933e+01
1.257047249378631371e+01
7.167435979295452952e+00
-9.749956210291964354e+00
-2.463281135045677672e+01
-3.286083876702895168e+01
-3.881169412705789057e+01
-4.007526060002344792e+01
-2.774572208404694251e+01
-2.741617893473277334e+00
2.296169683616722779e+01
2.962315742478303449e+01
2.926380519680967396e+01
3.261181937822590982e+01
3.150165637232521476e+01
3.384840816214419590e+01
3.370724498137280989e+01
3.593839429443006850e+01
3.719263881402753213e+01
3.470939569619439169e+01
2.469727186067170166e+01
2.634428457642060195e+01
2.782919439613661083e+01
2.303199881115277847e+01
1.174909730899812033e+01
6.465257671819845120e-01
5.420277761739890288e+00
-8.967060231342923515e+00
5.718636050377714497e+00
1.556332960672443022e+01
1.252538254406811902e+01
-3.049191571135428092e+01
-3.088660075797761095e+01
-3.360593424509072236e+01
-3.365099106409596175e+01
-3.286295795955254562e+01
-3.463829470742618355e+01
-3.473482346936086884e+01
-3.660970934016928169e+01
-3.700800894318757628e+01
-3.311091615188917814e+01
-2.344569706248034890e+01
-1.372046694713821502e+01
-2.168350189373382975e+00
8.564129236960971170e+00
2.405885683251745633e+01
3.457863555154937529e+01
4.091797806968622808e+01
3.374274109686761847e+01
1.349573341651901259e+01
-8.991687156084826604e-01
-1.259833152674785017e+00
-3.367841065924741528e+00
-5.741332597745774535e+00
-2.550571868709733181e+00
-2.663071933846246964e+01
-1.276516117795359762e+01
-2.044539453467195500e+01
-2.493427201671541127e+01
-2.166037407669946191e+01
-8.168898876695852351e+00
-9.019522300604011278e+00
-2.350019914923986708e-01
-1.433766477639493386e+00
-6.228366839645159025e+00
-8.531279013906186037e+00
-2.010261279735035345e+01
-3.594775520673593405e+01
-2.745622057118197290e+01
3.011427033566495659e+00
1.044210039293222358e+01
1.451223219552953481e+01
1.274378400657071353e+01
8.057420988594708788e+00
1.981676036776148919e+01
6.212472367218048852e+00
-7.311070983041886073e+00
-1.278343615601749939e+01
-7.351176527225487867e+00
-1.532441260670636751e+01
-7.109142076340154048e+00
-1.985905937420998191e+00
-2.920822069169235036e+01
-2.512668441553991272e+01
-2.617891322497142426e+01
-1.204291414197714971e+01
-7.320535129058726831e+00
-6.934744065276627012e+00
-1.122723938287761847e+01
-1.056027886124964432e+01
-1.967394265964663091e+01
-2.124157509553675638e+01
-1.994997890563124088e+01
2.386392430088601557e+01
1.121713754438674293e+01
3.913901571259137846e+00
-1.099324701867078069e+01
-3.087283298976312196e+01
-3.204693458234962833e+01
-3.878842253116899030e+01
-3.863010469928418900e+01
-2.245053968961881807e+01
1.231092457543589092e+01
2.297033204082235969e+01
2.915514288167408452e+01
2.967507800713767807e+01
3.374756777131656094e+01
3.166690240386154187e+01
3.328489037616981960e+01
3.384177629837100199e+01
3.668460837096053240e+01
3.731092574089086611e+01
3.255520153612351919e+01
2.467901096706252417e+01
2.646885025361685706e+01
2.858468057959531095e+01
2.028564258165782519e+01
8.702896393488449789e+00
6.297838596763259966e-01
2.655833852040184073e+00
-5.932725050832197589e+00
1.079725868162234370e+01
1.173453759367501981e+01
1.264618288726834017e+01
-2.183206173485568158e+01
-3.120377119761230844e+01
-3.313740438291159762e+01
-3.420506412616107639e+01
-3.286929834487553848e+01
-3.439553603960775519e+01
-3.487732319715082951e+01
-3.705162733506846706e+01
-3.655182356279230049e+01
-3.171798378536697172e+01
-2.021081773773391888e+01
-1.218554262263930354e+01
-2.513931302225301589e+00
1.106909248404015500e+01
2.963949470774844386e+01
4.085814195737437160e+01
2.846255010633203852e+01
4.271522050016718453e+01
4.195381945411059021e+00
2.961078317019842476e+00
2.028264028637766572e-02
-9.975121467139446807e+00
-1.029258589851043659e+01
-2.082473944912308639e+00
-2.889279356593772263e+01
-2.182317925423541283e+01
-2.250144555169956817e+01
-2.694965024830814571e+01
-2.076826838179596280e+01
-4.214294530292422181e+00
-9.228612441288408519e+00
-3.107365539069220292e-02
-1.468496937743193786e+00
-5.617200299278651165e+00
-1.131113548668132474e+01
-2.296400182767179032e+01
-3.775685956082399741e+01
-2.280931538471056186e+01
4.763353180850354640e+00
1.185392722747607408e+01
1.698498948631792160e+01
1.126288365798894375e+01
8.704896298342193361e+00
1.595400436287678048e+01
4.174601574946994020e+00
-6.557522013874674371e+00
-1.340987673589713935e+01
-2.998447778507412398e+00
-1.234015110635590773e+01
-5.834622626165335113e+00
-1.309936884694438808e+00
-2.306035485463099022e+01
-2.604002445489904360e+01
-2.509445654680194693e+01
-1.334418138477593274e+01
-6.925868283391642954e+00
-7.263138892384284340e+00
-1.330149898826004318e+01
-8.522530515475445156e+00
-2.191451225723309548e+01
-2.422768659325016927e+01
-2.079876505462412695e+01
2.095796115215938471e+01
9.524184922986391300e+00
-5.154772800204101557e-01
-1.452884566518375564e+01
-2.292417434969615186e+01
-4.198316888447828177e+01
-1.474486260603800281e+00
-5.571160239114860246e+01
-1.909191342328039553e+01
3.347046900789775403e+00
2.986085517126012689e+01
2.936383975762771215e+01
3.031273500301284329e+01
3.243140635094193414e+01
3.405012156935663370e+01
3.282798911633715022e+01
3.405482931165177263e+01
3.699123256241410473e+01
3.676888074329732348e+01
3.256556858254013775e+01
2.598950320467584874e+01
2.701362242612305309e+01
2.689301063594048813e+01
1.919396800185281293e+01
5.376851892071377925e+00
3.865156511284201901e+00
2.786190068707072864e+00
1.354630202417158458e+01
1.156594604838744722e+01
2.070586467604050895e+01
1.209678105092432077e+01
-1.861777265330352193e+01
-2.967712043729020621e+01
-3.206933928979091064e+01
-3.345236309511421524e+01
-3.546228524835564855e+01
-3.351174177951308764e+01
-3.542830692888009736e+01
-3.771068800671113763e+01
-3.633000652037476641e+01
-3.037213727700350319e+01
-1.794273909133123368e+01
-1.031203435145918057e+01
1.432448600327319355e+00
1.267256447242297845e+01
2.776302234623242882e+01
3.715477283684434440e+01
3.069253015934711470e+01
4.636858788461061209e+01
6.432312891155691048e+00
-2.796865744191380454e+00
-2.163442466072766468e+00
-5.585093965460814047e+00
-4.206848041518865600e+00
-3.746035988389371241e+00
-3.174252508100973458e+01
-2.138369315788578717e+01
-2.294159575205892310e+01
-2.667466017852401095e+01
-1.951295770195704549e+01
-2.117967703421973269e+00
-1.044809267458901836e+01
-1.964068706119541097e-01
-2.145017835288620223e+00
-6.676675355609820173e+00
-1.306924093183694247e+01
-2.793740131786178793e+01
-3.628999451794239661e+01
-5.551979637205215923e+00
7.727605836936113803e+00
1.059488804886414215e+01
2.274402422976310234e+01
9.992475395513229941e+00
1.550346093900261124e+01
1.334744256424913367e+01
1.529872345662408595e+00
-7.013903894404993622e+00
-1.206238391505684859e+01
-4.642343621241717955e+00
-1.150199049769964255e+01
-4.641267705188657722e+00
-9.029534191492428752e-01
-2.521518567164996583e+01
-2.680813836856101773e+01
-2.263793475629280039e+01
-1.151592891754208736e+01
-6.800805987973574496e+00
-7.348219096778657367e+00
-1.393648383962556458e+01
-7.283689915342034915e+00
-2.144544927942466828e+01
-2.418502426026446273e+01
-2.337575725854076580e+01
1.685764203712313503e+01
8.315874421706899611e+00
-2.544884601632785959e+00
-1.115982852713133155e+01
-2.108933811099533173e+01
-1.097773947834031993e+01
-3.928736189069299201e+01
-4.047381008025630678e+01
-6.095871179502701409e+00
1.197333891604868938e+01
2.516260471078503613e+01
2.812809328150082067e+01
3.061525400669049191e+01
3.186888475840710555e+01
3.393233082888033891e+01
3.320005310107352869e+01
3.444687757708641840e+01
3.734775968705520199e+01
3.651358505335252858e+01
3.099403826199606016e+01
3.058581253768322838e+01
3.378819911051056124e+01
2.625305783298974305e+01
1.623807074208215795e+01
3.731596778079472987e+00
8.787632565651700034e+00
-7.624773035336788185e-01
2.653150593034864890e+00
1.738675368191081105e+01
2.405856327957516783e+01
1.323352889134624277e+01
-2.666752775178598966e+01
-3.023445586859974554e+01
-3.256685808535037552e+01
-3.258506261238115798e+01
-3.529693622440166223e+01
-3.442132312065984223e+01
-3.576103367622928175e+01
-3.626188622355991953e+01
-3.493124176418903915e+01
-2.822649159929728668e+01
-1.559653967171681543e+01
-6.462540767722374291e+00
6.625871993237894664e+00
1.413992424520531443e+01
2.589117360727938788e+01
2.350512419757288995e+01
9.834895600979328023e+00
1.855011338233839169e+01
-7.207921234600495275e+00
-2.193836536745038757e+01
-6.120415196477660302e+00
-9.899769040999199632e+00
-1.299853260577478231e+01
-5.044088704321052496e+00
-2.088857694081142569e+01
-2.240803825463095933e+01
-2.733271082314395883e+01
-2.226258496540511445e+01
-1.513606749546075392e+01
-1.631006050669450591e+00
-9.470669333125734113e+00
-6.277388124159789529e-01
-2.988445168694214615e+00
-6.941430735930725682e+00
-1.479094313893697432e+01
-2.239701748947119953e+01
-3.968615564724209577e+01
-1.011890546791591561e+01
7.154991581942108603e+00
1.076317131964903950e+01
1.321115683738128332e+01
9.203229534064760742e+00
4.246020054158064028e+01
1.126003314432787406e+01
-1.152562429943472466e+00
-1.155135798409861003e+01
-1.137693049722834715e+01
-1.132135149478423131e+01
-1.021854363437446978e+01
-3.851758109286709253e+00
-8.255413553258174053e-01
-2.337038113776528192e+01
-2.349942128401329455e+01
-1.815116794370662490e+01
-8.964975122399877705e+00
-6.388373690361206059e+00
-8.028002711057466101e+00
-1.258692065956738482e+01
-1.204436512920128699e+01
-2.420916290329036613e+01
-2.146252988257498018e+01
-2.225047889681454194e+01
1.335152043842631819e+01
7.244538140327584586e+00
-6.748129156108377380e+00
-2.044393059532744772e+01
-3.124714045362975412e+01
-3.593744930302820251e+01
-4.013804277924395336e+01
-2.964099166420193043e+01
-4.750220449634166897e+00
1.409252532089895737e+01
3.074344104344029205e+01
2.860603921940601424e+01
3.180300967250499866e+01
3.128749112251235331e+01
3.399222836364356937e+01
3.350027507232221780e+01
3.514076427955083659e+01
3.748063354229495303e+01
3.574729743820105909e+01
2.802319906532106941e+01
3.181440285595981265e+01
2.528024076139471887e+01
2.537658839820721823e+01
1.431678961038612563e+01
2.265588018887117361e+00
7.442197404410159756e+00
-9.352807833931573001e+00
6.595455804422849511e+00
2.259081891490009042e+01
2.583530211047941094e+01
1.272991472327030138e+01
-3.232869925091565477e+01
-3.214796421619173827e+01
-3.218619516986188245e+01
-3.327885789720198062e+01
-3.534115786693456585e+01
-3.470657381447222889e+01
-3.606611110411149923e+01
-3.715676204605339450e+01
-3.424893132062551615e+01
-2.594654713059444262e+01
-1.515908843439458309e+01
-5.421096397110872545e+00
5.862334756671977232e+00
1.985415537456827550e+01
3.003967732641241639e+01
2.035030509217335037e+01
3.727893861132795195e+01
2.036363981430828574e+01
-4.462093495294740642e+00
-2.734153638705758027e+01
-7.202391939418672173e+00
-9.355598493577012675e+00
-1.785921173058895661e+01
-1.132775192292917943e+01
-2.254907612733433808e+01
-2.607683479400979110e+01
-2.494641649645566162e+01
-2.323494033755852328e+01
-1.175393278666467900e+01
-1.317908876394598749e+00
-8.015448717129100231e+00
-9.129289642180202780e-01
-4.452922113032759199e+00
-8.685493961918700379e+00
-1.745330475180762875e+01
-2.834881683241092531e+01
-3.649266786222197823e+01
-8.611950037377479328e-01
8.933721217904761147e+00
1.384910465248335321e+01
1.576035841205108134e+01
8.453272326821657856e+00
2.819098950662492697e+01
8.677258318313288754e+00
-3.244665231278018869e+00
-2.392448890217862356e+01
-9.727950955184692106e+00
-1.808316685591423223e+01
-8.585470721250228365e+00
-2.754312070555482883e+00
-3.675695410106719629e-01
-2.494702989234727397e+01
-2.549803656320943190e+01
-1.398976283903610351e+01
-8.146044256390510441e+00
-6.765593177148221393e+00
-9.503868765940072905e+00
-1.123686082753517823e+01
-1.876007899099226606e+01
-2.158550174209800332e+01
-2.256069192636599041e+01
-1.992520104734887454e+01
3.085100318942685860e+01
1.803160555051424652e+01
1.034950192645024813e+01
-1.217389186673594192e+00
-1.004758664751310882e+01
-1.663993205944939291e+01
-1.287705592089362305e+01
-3.990049214051234117e+01
-4.064514083956198220e+01
-2.334294276110551625e+00
1.712214295727439861e+01
2.923361957737651906e+01
2.568161888281348126e+01
2.863657033516811623e+01
3.021015689682403149e+01
3.184520070986602391e+01
3.253011401168382832e+01
3.526816451767378169e+01
3.773693255996234086e+01
3.699144185921486638e+01
2.974943337259593790e+01
2.598389281455186506e+01
3.026333317784822441e+01
2.750178211297274089e+01
1.823976874996001385e+01
7.717359049323540887e+00
1.267791901068957117e+01
-1.405754588770089519e+00
1.172505833612558224e+00
7.879917066560183869e+00
1.308476752726758718e+01
-9.730006426138217535e+00
-2.603108446696874623e+01
-2.825760541050266639e+01
-3.051072839662845837e+01
-3.109473481482261548e+01
-3.345382279702356243e+01
-3.415181826204022997e+01
-3.668494374078759535e+01
-3.867194082518078346e+01
-3.513439410995434997e+01
-2.759514153934430070e+01
-2.025056908050683546e+01
-4.625030118591119788e+00
8.696948245598605798e-01
1.317286180238313520e+01
1.741516727060799141e+01
3.242525314739059183e+01
9.174870580900275741e+00
2.068682110048669287e+01
-3.090573504039299646e+00
-1.009598751315797394e+01
-7.308627527675658264e+00
-7.366997982000807355e+00
-1.132031817722776879e+01
-2.307503842435202657e+01
-1.208360090920474406e+01
-2.426051961909946542e+01
-2.591807960782457698e+01
-2.512854505753275802e+01
-1.252742624439528107e+01
-9.221805414488569497e+00
6.205179876821912410e-01
-2.846886647763525180e-01
-1.753852912251161911e+00
-7.890974403771369161e+00
-1.828051838953564712e+01
-2.527856286613470971e+01
-3.782265364049661827e+01
1.091394254865857727e+00
9.814762374467388639e+00
1.132076669667508817e+01
1.441318632935054111e+01
1.145158164025768954e+01
6.140544152360468466e+00
6.469524446187448596e+00
-4.735270723345652577e+00
-1.931021920058603669e+01
-8.634733122090672452e+00
-1.361562476491221929e+01
-6.482446686018279003e+00
-1.394659545368247100e+00
-1.989747449071805363e+01
-2.501872783069408257e+01
-2.866235755874633284e+01
-1.274628931775310647e+01
-7.756397430111847235e+00
-5.333962882001806349e+00
-3.981077494261337169e+00
-1.009772392567954924e+01
-1.613427517525510169e+01
-2.181114892059599697e+01
-2.939484530297402642e+01
2.787417787052418916e+01
1.681028308346817823e+01
7.572956095712761737e+00
-5.239790552134635959e+00
-1.850446207289934719e+01
-3.459842480500734041e+01
-3.893786996723535054e+01
-4.144059030176549641e+01
-3.174944627557974641e+01
-1.523608504719800250e+00
1.839878070144293076e+01
2.894150507275802653e+01
2.846714639377553979e+01
3.001209023429868950e+01
3.023058784738886118e+01
3.186100622265270488e+01
3.263949422261296007e+01
3.605364602594914203e+01
3.796318961555024885e+01
3.638134983084425045e+01
2.508829009879313077e+01
2.674176850836291663e+01
2.573302521833533163e+01
2.773844312187454264e+01
1.438952829206906792e+01
7.701666766240845341e+00
7.389735113662023736e+00
-9.341055116331908437e+00
6.642172075921146224e+00
1.399246629441019074e+01
1.263600117175853477e+01
-2.953314231629697062e+01
-2.931932979045909704e+01
-3.006600526867342182e+01
-3.231723301198228171e+01
-3.137170231034985690e+01
-3.327510605911760422e+01
-3.435336861479179760e+01
-3.706261889014048450e+01
-3.764329070368133756e+01
-3.463281321986406880e+01
-2.536164352191424243e+01
-1.723992652627346445e+01
-3.224299060392070704e+00
4.594863361604237362e+00
1.848204205774875675e+01
3.034887706528490980e+01
2.466757336766455921e+01
4.025312504058143759e+01
2.187856115886911113e+01
-2.169711576638813977e+00
-1.022404850348051752e+01
-6.999919719853305189e+00
-9.899289602686355494e+00
-1.612064031406180220e+01
-9.591350050498743229e+00
2.871162357611700688e-02
-2.012664625265206908e+01
-2.726869659751032771e+01
-2.504524202318014403e+01
-1.187704697857472524e+01
-8.828527307188343443e+00
9.845754893765455984e-01
-7.179103363134189397e-01
-5.701617977258148784e+00
-9.756016928541274780e+00
-2.093214409027358158e+01
-3.504061308796492824e+01
-2.207473867769962794e+01
7.066804868377840165e+00
1.138860290684887389e+01
1.533175503002726003e+01
1.920617984604026773e+01
1.052141757203997763e+01
7.834170785804143833e+00
4.416922654524227276e+00
-6.653455841269169113e+00
-1.897082032581739952e+01
-7.057727316624363034e+00
-1.342494132566368137e+01
-5.096003063950690581e+00
-3.430633934021821152e-01
-2.289557705666668497e+01
-2.094125648173097431e+01
-2.533676184268149001e+01
-7.787038561633147005e+00
-7.620613485814978105e+00
-5.580073324856770434e+00
-7.580471417551210678e+00
-1.053908169436715703e+01
-2.816277286257116685e+01
-2.025108995484680818e+01
-1.983819454366693336e+01
2.592458630889407800e+01
1.733523682114368825e+01
3.948378756141570189e+00
-6.983732898735878436e+00
-2.293360495564424184e+01
-2.966538288236273146e+01
-4.078119373789075297e+01
-4.254755644705031159e+01
-2.809669334230681770e+01
-2.455784618845286538e+00
2.595732689814220251e+01
2.752595307766541666e+01
2.723922052321568898e+01
3.109219776992106787e+01
3.078745442137384103e+01
3.113622056899504642e+01
3.319613999412464977e+01
3.684696235115352891e+01
3.768170539171731548e+01
3.489433916038561989e+01
2.347814417663293796e+01
2.480062255761419721e+01
2.955473185839079164e+01
2.522418405845848000e+01
9.796383633246028566e+00
7.910281491820897237e+00
3.914057737296528838e+00
-9.598471970301766021e+00
8.874597766833835166e+00
7.571706554523882637e+00
1.254480815055968890e+01
-2.573829092866623824e+01
-2.959878593033363003e+01
-3.087504437979132987e+01
-3.187700235555128003e+01
-3.317111585074881930e+01
-3.214856657616399360e+01
-3.459989382571115613e+01
-3.756773429332954350e+01
-3.755353273187505891e+01
-3.344983973210752737e+01
-2.330712304411675717e+01
-1.199923091276199827e+01
-2.000737559017442990e+00
7.219691694743012533e+00
2.273408478720120485e+01
3.624015561856887047e+01
4.205437641035401697e+01
3.714368746471463112e+01
1.341382098817402380e+01
8.567115277226750036e-01
-9.309784905611397932e+00
-3.669776929244587649e+00
-8.128761572551158610e-01
-2.768858474859688723e+00
-2.670193271013661729e+01
-4.841805843870208292e+00
-2.970531102694860692e+01
-2.715832505143998787e+01
-2.381781707347614940e+01
-1.191648552421072971e+01
-9.286211896560926604e+00
1.016224729875751187e+00
-1.055107458299038736e+00
-5.637006960948678369e+00
-1.189621461486865961e+01
-2.497326891149973349e+01
-3.820938630198033792e+01
-7.768529733560218808e+00
8.767114090916626523e+00
1.272521226567518049e+01
1.186609753606314754e+01
1.284770491770841616e+01
9.666637150702626968e+00
8.986288517882618621e+00
2.112224594955204093e+00
-8.476628721667385236e+00
-1.494807098780999510e+01
-1.616088607956962520e+00
-1.139858331217959098e+01
-3.902413471576629878e+00
2.435743939845224360e-01
-1.968108405846871278e+01
-2.588315426200876601e+01
-2.413308559576828216e+01
-9.957244595828168343e+00
-6.583213402034061801e+00
-5.892029245976041274e+00
-9.768861209771667831e+00
-8.664343408627040333e+00
-2.113603091035680492e+01
-2.239064329893026084e+01
-1.844770651674232198e+01
2.298936242799135243e+01
1.568857106307550175e+01
2.283292852911830817e+00
-9.108251126145310295e+00
-2.821372865494261362e+01
-3.318803632921842706e+01
-3.871235144835564057e+01
-4.269104438608587060e+01
-2.263753390001641108e+01
1.349901688864671989e+01
1.891540001066266541e+01
2.716762364641841998e+01
2.757667679807000738e+01
3.038015648582702255e+01
3.136743291232214048e+01
3.205130729875517659e+01
3.384216113536208326e+01
3.743608822850521278e+01
3.791697465466131689e+01
3.638643632598882505e+01
2.376095062894953003e+01
2.449456918824307650e+01
3.001742328099176760e+01
2.236616286026352185e+01
7.967230979830031146e+00
1.073680896638941462e+01
2.059750136209869797e+00
-6.998786473701084532e+00
8.630487883689125894e+00
1.793431515948393695e+01
1.258454055800895688e+01
-2.387023052318783911e+01
-2.976766081113577300e+01
-3.033423006993819726e+01
-3.186747799155294558e+01
-3.383082243524423660e+01
-3.335391735179180017e+01
-3.514706852712375706e+01
-3.790878939016703697e+01
-3.728459766846690115e+01
-3.196363482556122548e+01
-2.229890919587579390e+01
-8.068018129765917479e+00
-8.214951164593791155e-01
9.637672825231451412e+00
2.705102631268352908e+01
4.146826385745133337e+01
3.133767888265397517e+01
4.276072587513664303e+01
2.492228559506795893e+00
1.793977647291087996e+00
-7.152598559301246439e+00
-7.793631158220488686e+00
-9.801140507926943357e+00
-1.403540221395170651e+00
-2.711029113503742138e+01
-1.676866684982607936e+01
-2.017199090503562431e+01
-2.817171511812752627e+01
-2.013826460546120245e+01
-1.171276447441593582e+01
-9.516586389534490209e+00
1.056702292106620700e+00
-1.161158285947903490e+00
-6.261653622086338800e+00
-1.406115669939959645e+01
-2.805837992701267680e+01
-3.826197473605977706e+01
-3.052555136372226752e+00
9.337975679817954955e+00
1.398856156939896600e+01
2.147418279877737390e+01
1.276132323782099931e+01
7.761162446644398472e+00
9.178729120421973420e+00
-2.020745394039823728e-01
-1.091644951683650078e+01
-1.228319100314225665e+01
1.231244957532670492e+00
-9.608902849579447292e+00
-2.759674051405718753e+00
7.564994948745594749e-01
-2.435376636652102889e+01
-2.745725387510742266e+01
-2.037920343280658031e+01
-1.173702492654241247e+01
-6.081172682974124832e+00
-4.855498802455504581e+00
-1.105747625910341370e+01
-4.982250715385843520e+00
-2.048850504737735889e+01
-2.506026588474679784e+01
-1.965370039985433337e+01
2.057263638077167656e+01
1.080802103619590682e+01
3.843688743246462258e-02
-1.308189278419106039e+01
-2.188074348042716011e+01
-4.897595806370822658e+01
-4.952188679277659134e+01
-2.992632895852478825e+01
-1.761787361636523386e+01
9.244351897375342464e-01
3.066958535446994105e+01
2.731371375872153351e+01
2.828952303435302795e+01
3.036068354850577933e+01
3.180681805662751316e+01
3.250063551769410708e+01
3.467146887897334295e+01
3.773956555934721990e+01
3.732270055642351281e+01
3.264263849822889796e+01
2.504805070283492796e+01
2.894244963845552832e+01
2.823565734103974378e+01
2.205223227411947917e+01
6.933187315161267961e+00
8.983214951101768264e+00
1.819981329316267660e+00
1.349009413383216227e+01
6.149860015602462759e+00
1.893743482064272499e+01
1.209594474395868957e+01
-2.593991439690516998e+01
-2.920317349145070551e+01
-2.989428434060999606e+01
-3.126746893965135499e+01
-3.355367513460637952e+01
-3.377945778721633019e+01
-3.588471404884780469e+01
-3.816086130102510765e+01
-3.673688133045781257e+01
-3.050203746737163257e+01
-2.014087541033386231e+01
-5.870269751067838548e+00
8.479550914787135074e-01
1.320214875462344040e+01
2.892845439914203709e+01
4.333554178302575366e+01
3.315683046063944772e+01
4.168661132522927915e+01
4.188375174463081052e+00
-4.425959119873201786e+00
-5.017713638459153636e+00
-4.067744207310518334e+00
-4.450120438052785232e+00
-2.916805772937350216e+00
-2.922680548324723304e+01
-1.344228688739792865e+01
-2.544975577090391639e+01
-2.632574573920377503e+01
-1.983781394939558140e+01
-1.228411082360772966e+01
-9.545650947376429940e+00
5.446476638136853454e-01
-1.885788925658188786e+00
-7.747583154789746018e+00
-1.618069824520991062e+01
-2.404330077952651834e+01
-2.359750415736974816e+01
3.307422421281174696e+00
1.093878880024981548e+01
1.106877076426784079e+01
3.217154981913807177e+01
1.156570422903198825e+01
3.274679555215234128e+00
8.128453923598424780e+00
-2.587912997624007172e+00
-1.445064443063624893e+01
-1.026235404179148425e+01
-9.919988210531675676e+00
-8.106997973649667344e+00
-1.857349030068899509e+00
8.630476285732130437e-01
-2.519886451212577683e+01
-2.821787375377672547e+01
-1.749496924380007101e+01
-9.620458376067997364e+00
-5.795975854202605859e+00
-7.326581875813361622e-01
-1.118205881014346126e+01
-1.121643457600567650e+01
-2.306059697766706407e+01
-2.205718680095882789e+01
-2.203792668533370147e+01
3.401554282644062255e+01
2.382310648983792589e+01
1.188356084074443153e+01
3.950390969763890148e+00
-7.828651082970655928e+00
-2.709116844865964069e+01
-3.299453207645847641e+01
-4.033267487030033749e+01
-4.344684254349198227e+01
-2.196574981571494334e+01
1.052956823112938700e+01
2.053452618828137943e+01
2.539925645221256900e+01
2.582969408367740272e+01
2.880069947469552005e+01
2.921334616510047866e+01
3.129870295488132115e+01
3.448120138830670101e+01
3.779207002400863047e+01
3.823399526006845406e+01
2.103548658722680642e+01
2.367899293854530285e+01
2.663470859336612762e+01
2.918323017306222056e+01
2.387902352174110021e+01
1.805029909424624535e+01
9.838852807691578661e+00
3.498589036171415145e+00
-4.927121689840941343e+00
1.034255015496685282e+01
1.290545280898725977e+01
-2.020776663919138905e+00
-2.500359514507900727e+01
-2.746092932385646179e+01
-2.847657929515008846e+01
-3.024264611202761799e+01
-3.174863240720438995e+01
-3.298578089886266440e+01
-3.590089211470643704e+01
-3.840665533394269460e+01
-3.767555395953299779e+01
-3.165503035795404330e+01
-2.191152506894909280e+01
-9.350254432795736648e+00
-1.455983040552632612e+00
7.584889648595447120e+00
2.631347463133806031e+01
4.291766921546027191e+01
2.178033317429937199e+01
4.073000277903809518e+01
-1.236511487026950906e+00
-1.885773483559371400e+01
-6.761505162946472858e+00
-8.712713691885618061e+00
-6.514327074816174346e+00
-1.633341881923253247e+00
-2.483253196575822841e+01
-1.217600432580875847e+01
-2.694674456277245156e+01
-2.978562966127665135e+01
-2.116605652550483896e+01
-9.466049437905743602e+00
2.553473417746635832e+00
1.888388110947005094e+00
-1.161099408981445480e+00
-7.421639553163350556e+00
-1.662964299401816248e+01
-3.163414509500566041e+01
-2.438255448571499073e+01
7.527963987990172967e+00
1.184982574612097395e+01
1.516755268055446493e+01
1.920299480591456742e+01
1.388336088866731544e+01
1.187312699863365140e+01
8.373425403590763594e+00
-2.863951409813604965e+00
-1.166376454680787944e+01
-8.948452595290609324e+00
-9.476772160378059695e+00
-6.020416839300895440e+00
9.326130436691590364e-02
-2.184423009710171470e+01
-2.382306877057700234e+01
-2.910013282475062013e+01
-1.435961712693096892e+01
-9.416962744194396606e+00
-6.053879392500355117e+00
-4.150975382517994916e+00
-1.056029584341514749e+01
-1.122018784924894774e+01
-2.140581193018498141e+01
-1.862998506322602310e+01
3.229708336337665031e+01
2.454322922209438929e+01
8.711499558442882929e+00
1.593397689767964920e+00
-1.167108901913446495e+01
-1.937773134871758174e+01
-3.706840891927099335e+01
-2.203151643984775632e+01
-4.436026721684947205e+01
-1.368665548752737315e+01
8.830478863524962918e+00
2.506187623026491806e+01
2.519737584678901143e+01
2.636299042597559961e+01
2.922431695350876169e+01
2.931808993011020092e+01
3.161691073564896470e+01
3.535321470204227268e+01
3.807010445767159723e+01
3.784970578002045727e+01
2.598150504703924923e+01
2.498250222516345431e+01
2.748403886305358057e+01
3.083670140919994296e+01
1.995303898152138089e+01
1.642039466134808379e+01
6.993312777184503837e+00
-1.295869575325351075e+00
2.090430124778181309e+01
4.055405359843547330e+00
1.200902489411149432e+01
-1.125643648195505619e+01
-2.857346692678787292e+01
-2.673544027128039247e+01
-2.864442928881253181e+01
-3.032125885306206214e+01
-3.144846884288488553e+01
-3.340415066203181027e+01
-3.688187439379046140e+01
-3.850446722698443125e+01
-3.667540891099617539e+01
-2.849329491649384494e+01
-1.960312503155107677e+01
-7.489850218893502110e+00
-3.943024001274519352e-01
1.135934079600329660e+01
2.414741396019267228e+01
4.327694145769446266e+01
2.997912838237187216e+01
4.773503885313891004e+01
7.339997627189314144e-01
-1.955259172441835602e+01
-6.084978666548224169e+00
-1.145868304539353177e+00
-3.249309016760677515e+00
-3.182756296306513466e+00
-3.047216442710229245e+01
-1.015385110802834312e+01
-2.420909624448719910e+01
-3.474266154850738531e+01
-2.004473275174369817e+01
-1.043577558157382335e+01
2.352758044952691474e+00
6.065747141072462822e-01
-1.864756797800869892e+00
-8.302392358495801261e+00
-1.895480353281905295e+01
-3.431873834854091143e+01
-1.213750668229956808e+01
8.153082247485977874e+00
1.230034212827694873e+01
1.175803146339594463e+01
6.003838155934076326e+00
1.296142858543863596e+01
1.179275064337374523e+01
6.397203872311710171e+00
-4.566373862596893929e+00
-1.437631515387630365e+01
-7.233457447969771970e+00
-1.151197312785214777e+01
-4.437262909291074919e+00
7.707396127465347968e-01
-2.107786539248550994e+01
-2.517636773038023534e+01
-2.524683356801520517e+01
-1.290768885993239934e+01
-8.159023173000900186e+00
-6.252142960153376450e+00
2.996620993172130820e+00
-9.621830278372090817e+00
-1.758851657320138884e+01
-2.100109674336331977e+01
-1.992214376460416148e+01
3.015925103763455439e+01
2.345716628015188476e+01
6.800050604843278279e+00
-1.148899151539276298e-01
-1.394623702226325790e+01
-2.040726372844602210e+01
-2.231046442253008877e+01
-4.038946397959684020e+01
-4.114401725337366145e+01
-7.136797342786728171e-01
1.376350300201658783e+01
2.932847267471730035e+01
1.853270599913382455e+01
2.727868221051777553e+01
2.914864154325756118e+01
2.972058323186978512e+01
3.176529663744299015e+01
3.580223219427482917e+01
3.809552380652949921e+01
3.731682089812125724e+01
2.784887881204745952e+01
2.512361613755047074e+01
2.731068827935435550e+01
2.926890921334699058e+01
1.488121673098032893e+01
1.415936228987550649e+01
8.601893960459205957e+00
-5.859886565887032717e+00
-1.051814988191343003e+00
1.277191736064643734e+01
1.263636875351055799e+01
-2.513950935120331565e+01
-2.341367938992909714e+01
-2.538623157538066621e+01
-2.901497704982100956e+01
-3.024360551416922149e+01
-3.117364669108601660e+01
-3.373739785466090524e+01
-3.733480436413252335e+01
-3.859271910810247874e+01
-3.517733027485433439e+01
-2.619858145425005702e+01
-1.601632377478385649e+01
-4.237652077868834688e+00
1.161767932794727898e+00
1.312271772334584874e+01
2.605086269360160856e+01
2.986433277443397571e+01
2.647334214063722158e+01
2.776512223616958508e+01
-7.682952594293807280e+00
-1.428112458357020742e+01
-1.137547568945546672e+01
-7.585100910013635733e+00
-1.270839998241764768e+01
8.590005128161102288e-01
-8.619756064197575895e+00
-1.675295241024489457e+01
-2.870742744547190028e+01
-2.714678393801290213e+01
-1.919225205845127746e+01
-9.122123515636422653e+00
2.157584639832011320e+00
1.915065349188100133e-02
-2.171717186109638487e+00
-9.528018100804141355e+00
-1.576901868389750128e+01
-3.528030565250881523e+01
-1.970179856043543865e+01
7.860883155669545097e+00
1.252490683895253909e+01
1.307517527182813488e+01
1.781931805179917561e+01
1.348789177825008245e+01
1.149586579813647091e+01
4.045360265568556102e+00
-5.518156566617419045e+00
-1.533462802660159063e+01
-6.091284648067554208e+00
-1.084680534856163980e+01
-3.228104680155589712e+00
1.091414026696780892e+00
-2.158073998465825838e+01
-2.484111418968809915e+01
-2.468622872716564842e+01
-1.016492953780893060e+01
-6.107856149282804736e+00
-6.105606717333184719e+00
-1.243133082739758066e+01
-9.109647776706156108e+00
-2.554951250914414018e+01
-1.975290030116375206e+01
-2.679493773603672579e+01
2.722905458883290919e+01
1.833311600053328050e+01
5.681035518923840399e+00
6.404536595999692494e-01
-1.745164590548562344e+01
-2.639526387856588130e+01
-3.986288827829125836e+01
-4.402176678852299574e+01
-3.613599720781522961e+01
-4.450108955796959087e+00
8.436367249326799822e+00
2.734014836952835026e+01
2.563817958479930681e+01
2.854938004958351883e+01
2.828114860680889464e+01
3.052158421141978550e+01
3.266355430191838138e+01
3.672575973959436624e+01
3.835516933894080438e+01
3.652537993870201660e+01
2.242551835898422041e+01
2.534735399240477349e+01
2.733085374420867453e+01
2.897916548697912020e+01
1.448345530121162739e+01
1.444696107665270013e+01
5.048768203065815641e+00
-3.568420451842597707e+00
8.303244100157353813e+00
2.377154877632150232e+01
1.254542001891031866e+01
-2.736943115957660311e+01
-2.826391364501799330e+01
-2.852026001854078174e+01
-2.969287999572300052e+01
-3.053463525150965907e+01
-3.211591041288362192e+01
-3.445395851337107729e+01
-3.781361313403851199e+01
-3.787905050391683659e+01
-3.454430060205586983e+01
-2.591071766793881892e+01
-1.528502970598287192e+01
-4.071838773905557929e+00
3.681105055491867173e+00
1.762269442290187627e+01
2.852281801384777182e+01
3.265034208382761705e+01
3.911663500608165833e+01
2.462111050961164338e+01
-1.822124183847011192e-01
-1.193029883606619990e+01
-1.866004082397566322e+00
-7.173099609590295245e+00
-5.484134817650005544e+00
-1.227004482079154890e+01
-4.886680794617818790e+00
-3.163948903047994321e+01
-2.991290134005705781e+01
-2.541503338909114262e+01
-1.962627304384325555e+01
-9.289548044861701825e+00
2.044684477784578291e+00
-5.422385553741732034e-01
-5.031040867073036438e+00
-1.144366976711554074e+01
-2.553587839279696681e+01
-3.963869462409935807e+01
1.844475205480770486e+00
1.100281689469830049e+01
1.351546321749443891e+01
2.513992579268460759e+01
1.831766458289208899e+01
1.279002091078114312e+01
1.077213515050205572e+01
1.557454787154219034e+00
-6.130359323300281105e+00
-1.386552178318868833e+01
-3.764264160307426277e+00
-9.483816968712670104e+00
-1.906020260282518031e+00
1.758109046284740185e+00
-1.573803231887221443e+01
-2.400839353441625690e+01
-2.158279983941820035e+01
-5.885174641746549362e+00
-7.026471730602155574e+00
-6.456238611043214171e+00
-1.255519292835078993e+01
-9.165080858568199318e+00
-1.998351456103222290e+01
-2.111607239107462419e+01
-1.740965011685180386e+01
2.552500613169574706e+01
1.432215062765243019e+01
4.292129003101702089e+00
-5.351526075990657993e+00
-2.199754283922674247e+01
-2.855886260409043231e+01
-4.249343288604012514e+01
-4.404904478162389836e+01
-2.689915925173083977e+01
4.642250183701987609e+00
2.019550955369590994e+01
2.540340745393203647e+01
2.534036202699406815e+01
2.849585373463181881e+01
2.874265481475405792e+01
3.097266206841939251e+01
3.357758835608793646e+01
3.736689200528663690e+01
3.623902283919507994e+01
3.501117910876050132e+01
2.179914447632366503e+01
2.499145437354336607e+01
3.201753711631459254e+01
2.691840237240006317e+01
1.690339053564028760e+01
1.223678830971872245e+01
1.897324525356523406e+00
-6.714117119928804556e+00
6.910127136369800915e+00
2.100179330007269130e+01
1.225415816557851123e+01
-2.779529314788288730e+01
-2.793164955969796637e+01
-2.895955127975069487e+01
-3.035894184282273756e+01
-3.186751914299870592e+01
-3.267616865846836305e+01
-3.515855342733055267e+01
-3.816911954792011841e+01
-3.799753704893448969e+01
-3.338562675677494695e+01
-2.417316702890597213e+01
-1.266402370031678437e+01
-2.752730402567367118e+00
6.242576158766527605e+00
2.183290238844359976e+01
3.828046803972631551e+01
3.914434598892582784e+01
4.140626114398573776e+01
1.125864106984037782e+01
3.929224462281467600e-01
-9.258992074340591572e+00
-2.272866699129378443e+00
-5.239378883837103373e+00
-2.386585132107117868e+00
-2.020559878781706331e+01
-1.967803450770295060e+00
-3.117366769574619312e+01
-2.886100473803393385e+01
-2.424457218511430057e+01
-1.927912699143486819e+01
-9.502737756826107329e+00
1.798900215478600906e+00
-1.650934092504483752e+00
-4.344556823822891545e+00
-1.433875266267968840e+01
-3.046049391429296804e+01
-3.311648108287693049e+01
6.118587442439323176e+00
1.129948943423235441e+01
1.477961597346738642e+01
1.266513827007966597e+01
1.406366764982874962e+01
1.205436350081585672e+01
9.998324873306941640e+00
-7.401592290640801597e-01
-8.059949390750153597e+00
-1.132415006968837012e+01
7.138257468939039896e+00
-7.120762862834096651e+00
-9.012719370566540933e-01
2.115549706606929981e+00
-2.244735982225322246e+01
-2.810204867571211196e+01
-1.985916714685186690e+01
-9.831610002648378810e+00
-6.242431203933358930e+00
-5.593149508215615739e+00
-1.149004453678451476e+01
-2.661920155296578994e+00
-1.903802114421774760e+01
-2.681102716949667197e+01
-1.763671731068195214e+01
