# z [pc] 550myr: 
1.500000000000000000e+01
-8.726286129506597433e+00
-3.760328536616821093e+00
6.373244372812283842e+00
8.584234218468800748e+00
1.322694311845210891e+01
4.901170738258681325e+00
-2.255439587360771103e+00
-5.869648831044069759e+00
-2.873643455361790888e+00
-6.636119530788944232e+00
9.071922215264952571e-01
1.196452754627264881e+01
2.143383380995713239e+00
-3.002449110168194046e+00
-4.376874216798025685e+00
-6.796989633847472234e+00
-5.197008222029892544e+00
-6.383619947553141216e+00
-8.301399468665483283e+00
-9.549595485321038524e+00
-4.964807577531633043e-01
4.835101059443653870e-01
1.596532909708278547e+00
2.859270033346805184e-01
6.998952579952941733e+00
1.147175902509795620e+01
1.326978656572656767e+01
1.134477964717724063e+01
1.785243186633962154e+01
5.679141114979265659e+00
6.846191793678202409e+00
1.173697276560551472e+01
-5.505357635088285129e+00
-6.334041917425516033e+00
-1.877810780859604733e+00
-7.799777289375401601e+00
-6.067570665589007817e+00
-5.594997075690647748e+00
-5.848268886634423680e+00
-6.290053795198986997e+00
-4.597269697876686934e+00
-5.364203244784823355e+00
-2.551483471113705104e+00
5.416520891160896412e+00
9.639277989221110232e+00
1.182506482317450391e+01
1.580629816349918748e+01
1.140878808640917974e+01
5.731229593071650363e+00
1.238485040521266534e+01
4.211033868527422008e+00
7.904804609496514090e+00
7.655539167142965340e+00
1.311955620542093648e+01
-1.103281970197740464e-01
3.823350106245873903e+00
7.278220819741472170e-01
-2.890673433055493646e+01
8.803250722178345811e+00
7.512567653932738843e+00
8.910130888303363861e+00
9.040913024722154745e+00
-4.586062930465010012e+00
8.172909640591939251e+00
-1.347574212490571810e+01
-3.317162919493881645e+01
-4.383063433302063316e+01
-5.013319062148842420e+01
-3.921812939910940088e+01
-3.843053535946469168e+01
-3.872722348190287533e+01
-3.904986220234791716e+01
-4.314877460697498890e+01
-5.055279637602278342e+01
-5.114120986614466347e+01
-4.914834363155768671e+01
-4.024748517945675985e+01
-3.310248928638885957e+01
-3.280565907974193607e+01
-2.448104043465322732e+01
-1.870591919995531427e+01
-1.379038754959062452e+01
-4.656251371226655777e+01
-3.675941778838304685e+01
-4.044012812978527904e+01
-4.055501332419972726e+01
-3.482589628708938534e+01
-2.917350576790101968e+01
-3.437746158871409818e+01
-3.035274897447402154e+01
-2.019944312077262438e+01
-2.419086107799843788e+01
-3.152364057976415168e+01
-8.103838821162971939e+00
-2.144168137197009383e+00
6.974309510560509295e+00
1.006691621800280778e+01
7.701146577589401687e+00
4.238680613665440688e+00
1.433113419757201745e+00
-8.009899787943634664e+00
-4.761910045045124051e-01
-3.343586461520383080e-01
4.496873129834713545e+00
1.470248112611036495e+00
1.937097992374597233e+00
-3.556554345095612302e+00
-4.906453472430590601e+00
-5.779429179517630466e+00
-6.959209168112423072e+00
-6.014106907594321427e+00
-8.565355881621327327e+00
-9.668725762978404248e+00
-8.417034215479958226e-01
8.027858598648727195e-01
-1.847462881802369172e-01
1.248201030423840452e+00
9.527659724341306813e+00
1.092235266212083289e+01
1.246950434653683359e+01
1.226005359697002284e+01
1.632316264854467391e+01
5.455140341044464769e+00
6.777475511514407636e+00
1.867312467291924793e+00
-5.135408843193720152e+00
-1.013630945582775844e+01
-4.132181090454049688e+00
-6.736559341187276395e+00
-3.912535781953150771e+00
-5.814600192431855774e+00
-6.320207488662330064e+00
-2.820405727303379795e+00
-6.158156650338067806e+00
-5.020884646128378925e+00
-1.887533495257494032e+00
6.494216020497519892e+00
3.015283875712646555e+00
1.357050793396954447e+01
1.661798827721442962e+01
1.771583940813162528e+01
5.283147430694349111e+00
1.258678715864431474e+01
5.698261065210765253e+00
1.241782578106874091e+01
8.444722902531303532e+00
1.148083056192925433e+01
9.706310560062042514e-01
3.622286525646723820e+00
2.662674118990401517e+00
-3.696015116776504783e+01
-3.947805806853734722e-01
1.171916478129483963e+01
1.333346116874620435e+01
9.625801912630111090e+00
-1.664645600228597289e+01
6.883763158278193295e+00
-1.918781175523601235e+01
-3.521641140541118631e+01
-4.335721284665502395e+01
-4.316197491021706156e+01
-3.916907780793144411e+01
-4.611396368242347421e+01
-3.959672288502203941e+01
-3.907433258099646167e+01
-4.416548645910373949e+01
-5.097413562320127767e+01
-5.072994856353463433e+01
-4.821155704460901603e+01
-3.830538073113256559e+01
-3.443145951653642101e+01
-3.315525547457098554e+01
-2.492799987163499509e+01
-1.876500479650626119e+01
-1.423771505815845906e+01
-3.973641936884085624e+01
-3.289031942162959155e+01
-3.976539166183389540e+01
-3.723503184690090961e+01
-3.482248792323593989e+01
-3.224965685753036837e+01
-3.965826837687834683e+01
-3.892829554365871303e+01
-1.060292562629162916e+01
-2.755533512298233845e+01
-3.156226426527730666e+01
-7.308503661444989419e+00
-2.721524986606612684e-01
9.969660669098278305e+00
1.172774294921967275e+01
1.310047522885299465e+01
5.516585950279278450e+00
2.470985584481511399e+00
-7.115606350770097954e+00
4.293345217711450612e-01
-1.044344573981451596e+01
3.523807650289371818e+00
2.733649798247030915e+00
1.460744488185673040e+00
-3.395127467418134426e+00
-5.477253348316732051e+00
-5.069800564800216236e+00
-6.945169431900973578e+00
-6.969236782481805115e+00
-8.826291000416251364e+00
-9.662330409020951194e+00
4.801926627419863536e-01
-2.509016392062402012e+00
1.110812751600234849e+00
2.769235226881862300e+00
1.094929960681073489e+01
9.905677304081596191e+00
1.037215584734477858e+01
1.324797924289839202e+01
1.219327539466257448e+01
5.536058359044659483e+00
6.880174768470272539e+00
1.104430139540280997e+01
-7.735506964508944705e+00
-6.860785600005685936e+00
-4.921089389610786569e+00
-5.770398881423639992e+00
-2.948587807520044901e+00
-5.994413764541800305e+00
-5.276776064898410112e+00
-3.264282186684418274e+00
-5.004968411619767465e+00
-4.209185478300201844e+00
-1.291930031070676055e-02
9.544086838773640835e+00
7.050139168276345458e+00
1.608846738387679309e+01
1.934398059281137350e+01
7.096131756356728992e+00
1.227473825869874524e+01
1.436379024498541845e+01
6.950067547866581208e+00
1.131532413821373950e+01
8.563972877126275307e+00
5.720632520165327861e+00
1.071601256853194428e+01
1.158588803830987057e+00
4.769928611265399354e+00
1.147023609367675689e+01
1.077571191878695167e+01
1.072170052254915085e+01
1.100569403810642832e+01
9.202872246281387447e+00
-7.315697978735476781e+00
1.463672042026959019e+01
-1.761232686192888863e+01
-3.524136408019613498e+01
-4.450818472981502794e+01
-4.739022269635911044e+01
-4.237292740111618627e+01
-4.157909602261764803e+01
-3.907678853716110723e+01
-3.972923860327944823e+01
-4.554052207525379714e+01
-5.125015914465006261e+01
-5.006744906343433144e+01
-4.728627751927171374e+01
-3.799138785713685706e+01
-4.022057733909639410e+01
-2.899787735981174208e+01
-2.168678458183039837e+01
-1.662382955333979240e+01
-1.433191687913303092e+01
-5.278145832497209256e+01
-3.492790846732930987e+01
-3.806599270544503355e+01
-3.599595364005084974e+01
-3.539975959690337959e+01
-4.045541282240503733e+01
-3.726618490557711993e+01
-3.308100499671589745e+01
-2.649337531000340107e+01
-3.537751465602288192e+01
-3.876263007045402276e+01
-6.305722695010596013e+00
1.930765463189200615e+00
9.087173953583032926e+00
1.387534431095521725e+01
1.282390595839351910e+01
3.287248794235460014e+00
8.005362639375853684e-01
-1.141870133513227081e+01
-6.962745606950402788e+00
-3.801792547200305794e+00
5.852772591065507513e+00
4.987489033845934117e+00
8.891283226448364330e-01
-3.485351182170204343e+00
-5.868762760654213650e+00
-4.933897234747310456e+00
-6.873482474184668511e+00
-7.558010502974437550e+00
-9.091369253493516212e+00
-9.499181505663557346e+00
1.466336911178412361e+00
-2.599550009741049994e+00
1.870012107737396012e-01
4.279538735560364238e+00
1.110897044343567863e+01
9.904990267456010855e+00
1.255608025333348365e+01
1.412965085634115603e+01
1.066395332174834643e+01
-1.307874305163829742e-01
7.106493133239127680e+00
-1.122205951964514448e+01
-4.042853479842835718e+00
-5.232953051316573401e+00
-5.869865029980919857e+00
-4.243145996143092624e+00
-2.811181286974731908e+00
-5.593901043930909367e+00
-5.512329492057252089e+00
-3.771636658555517663e+00
-5.266029843316567316e+00
-3.906188698076116683e+00
1.138174784960735098e+00
1.132683083681415503e+01
8.730527671769609199e+00
1.644612154192814657e+01
1.664630995833064375e+01
1.402493136768071480e+01
5.970718021679997989e+00
7.894228550091841434e+00
1.325903095562645895e+01
9.561083230193963445e+00
9.692339536380343290e+00
4.532220850701353498e+00
8.530995451447664024e+00
-5.363276037186618161e+00
6.546520489262979581e+00
1.421662541825957859e+01
1.193571599309512798e+01
1.066019664707056869e+01
9.822808983843664521e+00
9.223996609461799778e+00
-3.599070893920570113e-01
1.926601941549978747e+01
-2.370432031769134085e+01
-3.742218342522912877e+01
-4.622155867557407305e+01
-4.818652497094419829e+01
-3.910169793834869267e+01
-3.799903590693955380e+01
-3.798721542374667592e+01
-4.128208014864750908e+01
-4.719869993574851463e+01
-5.149770962584906897e+01
-5.035127628773906849e+01
-4.528543823065945162e+01
-3.524335680557165773e+01
-3.703595502663087302e+01
-2.714585450825448021e+01
-2.021121164249266400e+01
-1.569691232881680243e+01
-1.098099696654931279e+01
-4.565790356907410086e+01
-3.627359988359319232e+01
-3.902104556626101584e+01
-3.672506904396276894e+01
-3.406967738946620727e+01
-4.344403494053761960e+01
-3.938750819675833270e+01
-2.430930434699336118e+01
-9.718646399714517159e+00
-4.321551228609650508e+01
-3.838274271370022461e+01
-5.110715831998826175e+00
4.586808834193967677e+00
8.774154127695894090e+00
1.415803967940450114e+01
8.887176008623480783e+00
-1.512939016684500260e+00
-7.677450242352207077e+00
-8.051156151115710813e+00
-2.695541920954040549e+00
1.480029930456434162e+00
3.751483202630738756e+00
2.512595180901963765e+00
6.503602793621063860e-01
-3.839641045053504342e+00
-6.284885999308871263e+00
-4.997312476782599155e+00
-6.721649139112854776e+00
-7.986790200310761811e+00
-9.354259497925742295e+00
-9.196775773173788693e+00
-7.374448692365344060e-01
-1.951532621800188050e+00
-1.125330796354300777e-01
5.146517183339338608e+00
1.087092530960275560e+01
1.058103362140121106e+01
1.294251466739790679e+01
1.405034465652072484e+01
1.127738353404137861e+01
1.472168837871581371e+00
6.977434696324196217e+00
-4.808008726014545431e+00
-2.232022397844900752e+00
-4.771645586191690214e+00
-6.028851795543680225e+00
-5.061129915599893003e+00
-2.779651149248849595e+00
-5.597557450061557915e+00
-4.617474104434857729e+00
-4.267935586006054827e+00
-5.416028127760083244e+00
-3.371232800846388766e+00
2.494071553328728097e+00
6.174694034397711917e+00
7.933123993679800812e+00
1.521535526455286025e+01
1.292146248624004201e+01
1.254253055650739768e+01
1.203290956539376921e+01
7.816222889813566610e+00
1.503890868579034290e+01
1.237372856735212778e+01
1.353416322460663501e+01
2.642670986468069305e+00
6.181096132293124157e+00
-4.954094803182375273e+00
2.813142740263198327e+00
1.350662346090940780e+01
9.144724249197048849e+00
1.258543484795418799e+01
6.648111217261034156e+00
8.912340709255053284e+00
1.513963931761494663e+01
-1.733557150951912096e+00
-2.680788302926825750e+01
-4.061603606926157539e+01
-4.805366439896597797e+01
-4.813747644007619897e+01
-3.694635864608203235e+01
-3.756508283603159271e+01
-3.711435557137669150e+01
-4.221109075506601727e+01
-4.917750854698161334e+01
-5.129661613590575797e+01
-5.012538759184690917e+01
-4.262379521989927156e+01
-3.198524749898811237e+01
-3.500471311950484932e+01
-2.522103538063753803e+01
-1.964357006349329637e+01
-1.467385587309685668e+01
-8.103197783784626296e+00
-3.764839476709127553e+01
-3.845008788806597977e+01
-3.991530865235743164e+01
-3.392440122031673866e+01
-3.484235352642540562e+01
-4.486029814437245733e+01
-3.749955625213668498e+01
-2.497251573253985413e+01
-1.646030998852036831e+01
-4.777661202945139252e+01
-3.648811327472949273e+01
-9.952042845707261165e+00
-6.329353907709727167e+00
3.529111732078022090e+00
6.205038613060875896e+00
1.402849602104129900e+01
9.805380843545394853e+00
2.415563947422870061e+00
-2.839096480746276630e+00
5.127877040115132345e+00
-1.056231187599047772e+00
1.093324749724487344e+00
4.126742528210969319e+00
3.190159265040846570e+00
1.887024975009388594e+00
-2.064941699823379828e+00
-4.481254783241514161e+00
-4.667691857473467820e+00
-5.661118965986163154e+00
-8.004737010568868882e+00
-9.843531214052061884e+00
7.564894646367173792e+00
6.773628817634081978e-01
-1.780985600986840112e+00
-4.320172739679461471e-01
2.699256377573844290e+00
8.506391378987798291e+00
1.221528157491180799e+01
1.050578234738041417e+01
1.591526187067974618e+01
1.063766851518547263e+01
7.226061738120281852e+00
9.314716778683832743e+00
-9.647284180691457323e+00
-2.499011905364870945e+00
-4.830714290478616668e+00
-3.964667556560923956e+00
-3.939216491334481596e+00
-2.648535449920607743e+00
-5.049379386141011672e+00
-3.559597046019935096e+00
-4.941927543391486211e+00
-5.986347592877252488e+00
-4.193360567368899616e+00
1.492934033844099284e+00
9.086261189452150333e+00
1.009155524998102571e+01
1.649140114786802869e+01
1.495572512743228444e+01
1.087931577964939756e+01
7.530986823077099324e+00
5.142645114690645336e+00
1.171519368911524950e+01
6.203275434217842665e+00
8.587430935255296660e+00
2.432849243405208917e+00
7.709270505304971488e-01
-4.435374277732291759e+00
5.792627608413714491e+00
1.355634950730905430e+01
9.661726105000742137e+00
8.825127751377120688e+00
9.267029819048753225e+00
-1.087614599240919944e+01
-1.282830506562400075e+01
7.047985764163848366e+00
-2.795221054762393109e+01
-3.939374273095658197e+01
-4.670860587714289380e+01
-4.691910904313967023e+01
-3.773184617456958279e+01
-3.887749643779438458e+01
-3.852866291453710090e+01
-4.204403530047360960e+01
-4.861337023889146991e+01
-5.192819657542772660e+01
-5.179161479785344824e+01
-4.259152010089114526e+01
-3.625144287638137541e+01
-3.444572257793807779e+01
-2.477752935648920030e+01
-1.913677322182424234e+01
-1.478070014198448590e+01
-4.703817341878325209e+01
-3.732604551548602245e+01
-3.803864450110909701e+01
-4.003225917868280703e+01
-3.734514173090904876e+01
-3.394394847654801595e+01
-4.317720077472647944e+01
-3.494870836295909555e+01
-1.873845213705889989e+01
-1.143181667473687391e+01
-3.859297580679537276e+01
-9.562436060323140197e+00
-5.057668686143502512e+00
3.891728001405686310e+00
9.101224032537569286e+00
1.393876120924248596e+01
8.226731201232110990e+00
-7.878217398002919092e-01
-7.038468209828309341e+00
1.226919240366961006e+01
-9.411761093974227776e+00
3.405262429333007823e+00
8.548343151882548341e+00
3.185387785593705168e+00
-2.374177080585708199e-01
-2.437765055370413769e+00
-4.950589762886894007e+00
-5.000257376285202504e+00
-5.695234468420498075e+00
-8.384591511651553475e+00
-1.011628199763382341e+01
3.577027481815936660e+00
-7.057131457540867236e-01
-2.677748321176035562e-01
-4.211810857810203146e-01
5.582286686752992111e+00
6.917007208542589325e+00
1.095370266266596815e+01
1.101936271027231840e+01
1.981569515897674805e+01
9.868750067839794582e+00
6.904622308459892110e+00
1.342536841575915219e+01
-1.332554053332375155e+01
-5.107339851815068776e+00
-5.837107569858822620e-01
-8.963595530984424187e+00
-5.283269965483438746e+00
-2.891995463686332091e+00
-5.168253881041613873e+00
-3.720095850634792090e+00
-5.477065005720077373e+00
-6.204836729706290299e+00
-3.366234231204496385e+00
3.055204631653469782e+00
7.081488328588648962e+00
1.158127094725939621e+01
1.555640095372978671e+01
1.299512194220876893e+01
1.241551525564238823e+01
9.291839072890688556e+00
7.135531411151461612e+00
1.006702069707940161e+01
7.912450435294210216e+00
1.405882521203882440e+01
2.834180540154643158e+00
3.248308867174041659e+00
5.650371331462397118e-01
4.132355244633203917e+00
1.246113503603474015e+01
7.886214830240453999e+00
7.395242895694294383e+00
8.908296749512246038e+00
-6.299161422811296873e+00
5.206945287604716199e+00
-1.240203133064107988e+01
-3.205097343051067327e+01
-4.178168436476816083e+01
-4.864144792314785803e+01
-4.523700893522140376e+01
-3.705309146612262339e+01
-3.908454657724014680e+01
-3.943856985631836665e+01
-4.288248580404019350e+01
-5.035310442500770733e+01
-5.175552646018120839e+01
-5.098746904281980363e+01
-4.011438276424336635e+01
-3.487775278457525019e+01
-3.246460155422092697e+01
-2.366755725299369928e+01
-1.806777121989001245e+01
-1.318947320396455858e+01
-5.023399163048695470e+01
-3.607435259256926940e+01
-3.975603251020989148e+01
-4.019703036737943336e+01
-3.407715333061064911e+01
-3.364988459611605265e+01
-4.688470406317859585e+01
-2.896697386305134714e+01
-1.556856387820682741e+01
-1.955288827245258432e+01
-3.692523985572869094e+01
-9.024137327957131305e+00
-3.506759239599288591e+00
7.249606952105042801e+00
1.076277222176169523e+01
1.352205695733105451e+01
7.330861090849592365e+00
-3.145443775380245111e+00
-7.970730638445358451e+00
-6.861823336963481346e+00
-7.302800945886451345e+00
2.701902586224319336e+00
8.341097234991087461e+00
2.502642232268645461e+00
-2.208784670758885404e+00
-2.875687322024222059e+00
-4.466028882505608699e+00
-5.454289786394030948e+00
-6.510812965085206017e+00
-8.755131317591313689e+00
-1.028337859292177825e+01
3.259651116659942449e+00
1.685482377875877180e+00
-1.361201603982887143e+00
1.341572973833612403e-01
6.774191236499579105e+00
6.086896977422811439e+00
9.561386369053590073e+00
1.203687296989035715e+01
1.518461265870363164e+01
1.391705795169705517e+01
6.714968589138022637e+00
1.242342991409467245e+01
-1.137844161687750955e+01
-9.060979238841518679e+00
-3.215331800904213111e+00
-5.798194311007327961e+00
-4.586135821158538128e+00
-5.703916664390122016e+00
-4.085019210230131925e+00
-4.981791867196878165e+00
-5.240272834842671479e+00
-5.307151275191189121e+00
-2.354726285534735286e+00
5.052596796481679142e+00
6.841804459848617626e+00
1.300911220870363216e+01
1.605780014539962153e+01
1.361025192244697557e+01
7.983286421164076607e+00
1.063568012076433256e+01
8.592726418686932988e+00
7.421522187274643301e+00
1.088642380195443238e+01
1.325867389486235126e+01
5.369648284978548070e+00
1.036538853735492083e+01
1.288576341953728388e+00
-1.645518870298773351e+01
5.348420712726892567e+00
6.390432639384511226e+00
6.419398430752911722e+00
9.671068534193132393e+00
-8.776789322785502279e+00
-2.374203496905502142e+00
-1.971194248384944459e+01
-3.478988477547788705e+01
-4.477933463979992723e+01
-4.756657999928206948e+01
-4.075345016112893148e+01
-3.511987911297642029e+01
-4.018689386819853127e+01
-3.959288150469116374e+01
-4.406385099468376154e+01
-5.102231232791116611e+01
-5.194049420167870323e+01
-4.942154863762489470e+01
-3.916773336611002065e+01
-3.382237054818638455e+01
-3.158786884500166536e+01
-2.280638875234787122e+01
-1.721165996435578194e+01
-1.275114572295212767e+01
-4.680496706404417750e+01
-3.676804534780774247e+01
-4.116675297241716436e+01
-4.034009535226174847e+01
-3.334863514002567086e+01
-2.955882505415049266e+01
-4.414284595202244788e+01
-3.854153249825774452e+01
-1.084579964550463771e+01
-2.750350070813296099e+01
-3.418715568055466747e+01
-8.376949675711411913e+00
-1.789007187776024743e+00
6.615921178941793102e+00
1.156808292656932480e+01
1.431053278915893578e+01
9.134635440413248375e+00
9.353295921725054640e+00
-1.449864467881848462e+01
2.546428737508108497e+00
5.760325706551292058e+00
4.506308962110747274e+00
1.096737132777446888e+01
1.837506731386612691e+00
-1.954510954060900918e+00
-3.382156383200416450e+00
-4.373563022585019056e+00
-5.687404934371500076e+00
-7.146381641192472323e+00
-9.164468229725427406e+00
-1.035617166316187543e+01
2.100588183019926447e+00
-1.533571171210243334e+00
1.195347871136306361e+00
8.449636375601566884e-01
7.091477614400981011e+00
8.816929866772850843e+00
9.013861990018572357e+00
1.256560648358709820e+01
1.658743861028289146e+01
9.672605668164293569e-01
6.922617939989713420e+00
4.800406698240379910e+00
5.186354430326767684e+00
-6.399684301214722204e+00
-5.350292430100164198e-01
-5.031147889789854943e+00
-2.618293602522889785e+00
-5.074900924629738519e+00
-4.043359213328634461e+00
-3.408073173475774098e+00
-5.409275299737967835e+00
-4.695585634356490345e+00
-7.515851497864176611e-01
8.227816965120755555e+00
1.062800519763989548e+01
1.486606939106906289e+01
1.658699574807917188e+01
1.701189845483564866e+01
2.306623507077018687e+00
8.276461535604536124e+00
7.071308655022179757e+00
7.483107936794421100e+00
1.273897864178698036e+01
1.104492066478738543e+01
3.950896947751304289e+00
4.427581895837008119e+00
5.254765966165132696e+00
-3.654749875076400656e+01
1.121126377474976721e+01
1.096122541505491732e+01
8.212547470257504756e+00
8.493334971323280413e+00
-6.589910690120768244e+00
3.631038479550430509e+01
-1.482961817845232133e+01
-3.572154410895482357e+01
-4.598489512936670565e+01
-4.485660466578617900e+01
-3.663536804311438289e+01
-4.382346298522051598e+01
-4.044066483117443056e+01
-3.994713381579003197e+01
-4.504379349941097388e+01
-5.144033430819667529e+01
-5.148285908689501156e+01
-4.735131414096893110e+01
-3.845615927490536023e+01
-3.913956323037423601e+01
-3.035092503949006826e+01
-2.228093094583031686e+01
-1.801312263188305351e+01
-1.351207293573452439e+01
-4.311162632322039201e+01
-3.679075349459244393e+01
-4.037869460947634792e+01
-3.741708694104750776e+01
-4.009774636413638405e+01
-3.526288304638406856e+01
-4.505064881800406340e+01
-2.572525580859258199e+01
-1.922657425605347115e+01
-3.597933266738621683e+01
-3.611890219774114996e+01
-7.438761759887501768e+00
5.813241208448014508e-01
5.483509289278027055e+00
1.264406451933945164e+01
1.364306186548676614e+01
7.275323735392469793e+00
6.188409142221270587e-01
-1.848525099480412770e+00
-1.748094148485228372e+00
-7.822355534077721551e+00
3.387690756857220986e+00
7.936616411957225559e+00
1.909946168560278768e+00
-1.869552443893768290e+00
-3.862362292456187784e+00
-4.417802626866773608e+00
-5.760683594891436776e+00
-7.602507195394243134e+00
-9.511131704926549801e+00
-1.021612321855458205e+01
3.276355673450290773e+00
-1.466201718133664400e+00
-1.479350706862815057e-01
1.989498103667361795e+00
7.930755270100950050e+00
9.147447741274017829e+00
1.153299839209845956e+01
1.422966297878941688e+01
1.470205620228005117e+01
8.340824588345494561e+00
7.028385048492311604e+00
1.054650056149894333e+01
-1.543568216300046148e+00
-3.734369670243987471e+00
-5.574017157614655105e+00
-1.571632517980092736e+00
-2.323907595664334913e+00
-5.493583997693750831e+00
-4.316411090189133937e+00
-4.276598951553885364e+00
-5.761132693025447615e+00
-4.502305768272469422e+00
2.390541227557191617e-01
1.100999395951807891e+01
8.003361004871340612e+00
1.611632069265957057e+01
1.762018496367388209e+01
5.405708947439793022e+00
1.033591384883454189e+01
6.313308370911743239e+00
7.129539444347936517e+00
6.835213938059965244e+00
1.034785440552361280e+01
4.934323110551155800e+00
4.177184216105916725e+00
-1.954867292548847502e+00
3.278404404615916423e+00
2.312304999766260138e+00
1.011201689802131476e+01
8.017565465071196940e+00
7.318620035614710417e+00
9.305364874986096879e+00
-1.590379852664463556e+01
8.788806979107874895e+00
-2.218957832811297948e+01
-3.644020951410205811e+01
-4.532616506745105056e+01
-4.705623813511208198e+01
-3.961644946928159072e+01
-4.066298376841144346e+01
-3.642625311699521262e+01
-4.113473530986674831e+01
-4.648050445724882707e+01
-5.185781236831545726e+01
-5.134059234986624176e+01
-4.481977491166326644e+01
-3.821764272724617229e+01
-3.697900427481377506e+01
-2.696935927066883210e+01
-1.933282933965913131e+01
-1.788622441090982207e+01
-1.446618961532057845e+01
-4.419575181433041422e+01
-3.612209785137436313e+01
-3.935356987042528232e+01
-3.979755302676498729e+01
-3.713288184440555284e+01
-4.494131056455114503e+01
-3.854141894954749858e+01
-2.676453496548311506e+01
5.434297355432583521e-01
-3.963908250606450423e+01
-3.881780450432643903e+01
-1.075524282200899151e+01
-8.351561240036767586e+00
-4.397615529543586477e-01
4.358227937423626130e+00
1.189173314358048472e+01
1.439970555495547977e+01
1.012180679717363141e+01
-1.112982157804011996e+00
-9.922257401711841451e-01
1.557551124846653645e-01
-3.995626238491617244e+00
4.590951950861810182e+00
3.427553357964696179e+00
2.241665806856153242e+00
-3.312746108640881038e-01
-2.118727024258770797e+00
-4.200737703333616402e+00
-4.259899063259751983e+00
-7.481799419007835183e+00
-9.829676380313713935e+00
9.445831703709851368e+00
5.736887807607919498e+00
-4.511026860345874745e-01
-1.872207373253807483e-01
3.567265366543536098e-01
4.595929439908335468e+00
9.135164560605605999e+00
8.678324427638422378e+00
1.319308891860151967e+01
1.386399919586490626e+01
7.028980743528828512e+00
7.516296150783306373e+00
3.342068293513919208e+00
1.021852259521408346e+00
-2.304818490113270002e+00
-4.496869708079957562e+00
-2.581050053683343615e-01
-2.294215655333157411e+00
-4.666019649505077638e+00
-3.236303728081711295e+00
-4.858610415305101959e+00
-6.228488808456808634e+00
-5.132308027102362225e+00
-7.680012581652858605e-01
8.464656311371506092e+00
1.062762696664267814e+01
1.477952433771143959e+01
1.691440653189774324e+01
1.292974480320288677e+01
4.606190845707849313e+00
9.271512903563742469e+00
6.709388534730607034e+00
6.503537531649601355e+00
7.843759722952416524e+00
1.154851780670390404e+01
9.028846173034082767e+00
-6.742906218578903044e+00
5.857537614421578276e+00
-3.717032842393040681e+01
1.177022499793110910e+01
6.800912387145842786e+00
9.685069665648706305e+00
-1.268130570444632887e+01
-1.549038805441774080e+01
3.401683693867096281e+01
-2.399447509755259844e+01
-3.756748108563778032e+01
-4.742233185331820522e+01
-4.339349136274987728e+01
-3.736173851784469235e+01
-1.793130995411146600e+01
-3.856533271986528177e+01
-4.130077705603887495e+01
-4.593536210530110964e+01
-5.221508006241922573e+01
-5.150693887343135913e+01
-4.515343491027135059e+01
-3.953811095854950253e+01
-3.893991202687452358e+01
-2.713605362868993964e+01
-2.081607125988375628e+01
-1.607776889182152047e+01
-4.143073027295582733e+01
-4.096602340105289386e+01
-3.785982153424275509e+01
-4.050482869847293443e+01
-3.935260106075447339e+01
-4.213700581378022036e+01
-4.348094977832257513e+01
-4.037490921207388084e+01
-3.370536973229062028e+01
-1.177796543955775199e+01
-3.752865588486435655e+01
-1.055113651581657130e+01
-7.340818761712812446e+00
1.424948380983221741e+00
8.499726391322882435e+00
1.280809519955901798e+01
1.395263822430413470e+01
7.933760654024675674e+00
-6.735982636097624265e+00
5.247138098211927115e+00
-4.595829832155151173e+00
-2.260854743459786320e+00
6.577070906309309350e+00
9.865624556222152286e-01
2.492619421153901449e+00
-4.321269120790832141e-01
-2.767252723302396689e+00
-3.779131729902164061e+00
-5.087434147947876184e+00
-7.930859614322404383e+00
-1.021412092436125363e+01
9.250289919638658986e+00
2.162581939365401329e+00
-5.039899733806519899e-01
-6.474226164788672300e-01
1.256842858890409476e+00
3.393579944911865987e+00
7.589372646350136087e+00
9.941917810420491719e+00
1.462178696224517260e+01
1.916570527364394394e+01
6.885085788721445610e+00
6.137753368709376822e+00
-8.196642593730438797e-01
-1.942843714213206674e+00
-2.671646157485586315e+00
-3.149295214503614382e+00
-2.736264815669773309e+00
-2.713202221997420338e+00
-4.357341138918564560e+00
-2.586056282692444697e+00
-5.435669733861995034e+00
-6.407350195384052149e+00
-4.963785955666581096e+00
6.313342206374312759e-01
5.693479355666594799e+00
9.402813931825486193e+00
1.733571786606418286e+01
1.618536505714885365e+01
8.773840568328623135e+00
1.015349682104735507e+01
5.969505717298575043e+00
1.073838052807769472e+01
4.488198373168585498e+00
1.157778857493571145e+01
3.717958898947414603e+00
-5.136026284112024110e-01
9.384764118827252588e+00
2.663314489678057395e+00
-5.229786748795939300e-01
9.212898395991558687e+00
1.063193418203745999e+01
9.442621293290997642e+00
-1.370140017513474184e+01
-1.469302894227169887e+01
6.078531484258143713e+00
-2.732576281044272193e+01
-3.873708982754462227e+01
-4.599301305348187441e+01
-4.664169271548330187e+01
-3.989181106905646601e+01
-3.915514532349836685e+01
-3.937706193313592706e+01
-4.200645414921449827e+01
-4.801961378318126350e+01
-5.249094923231817944e+01
-5.274555132449933126e+01
-4.236910073850727088e+01
-3.375581591639252110e+01
-3.386733531099837080e+01
-2.441007634244481750e+01
-1.918727364820603754e+01
-1.609339756784660835e+01
-4.603641006195482532e+01
-3.618165968425099521e+01
-3.807316893780001976e+01
-4.041504840866880954e+01
-3.991629655929408216e+01
-3.669611062835785731e+01
-4.301687440820669650e+01
-3.394238948921708499e+01
-1.475669021817555659e+01
-5.712721876895865414e+00
-3.901248776257860129e+01
-1.021958756369641463e+01
-6.110594596289939950e+00
3.871757600711607239e+00
1.009380388998400413e+01
1.365267412478849351e+01
1.043894048415526399e+01
3.168665631143475103e+00
-4.232008659433587283e+00
-3.451286067321903683e+00
-3.676336762467794284e+00
1.654860426298194742e+00
1.067639009012457407e+01
4.905848641814807287e+00
-4.636184361882981775e-01
-7.152194397773142809e-01
-3.577212009968361972e+00
-3.357170735092659619e+00
-5.807713545314427073e+00
-8.393942727753435307e+00
-1.051897861917161059e+01
4.772638017047512449e+00
2.923712107856866194e-01
1.810460869421160135e+00
-7.942259725653487701e-01
2.907346963320836863e+00
2.921586845601270799e+00
6.713890603613743124e+00
1.130295656014883221e+01
1.762612978672069630e+01
3.413297406733231121e+00
7.485824662258841578e+00
1.114135463629277645e+01
1.290208819820677588e+00
-4.289179654059827485e+00
-5.855371611385019603e-01
-3.247481164456558211e+00
-4.929084728328702703e+00
-2.495229512964457275e+00
-4.340304391278284157e+00
-3.234863389524619937e+00
-5.949831113847922737e+00
-6.463512048848104818e+00
-3.993279648335687160e+00
2.283675211142552897e+00
4.844227590538955575e+00
1.016202172571055051e+01
1.617603955588141673e+01
9.381466359409047939e+00
9.822942846324878019e+00
1.196075593728173558e+01
5.122711957358512258e+00
1.016937947204280412e+01
4.997348834675443996e+00
8.488357563867202416e+00
4.360004374234033975e+00
3.394533472797785389e+00
4.353786132344259485e+00
5.457831935890665953e+00
1.183702886038675928e+01
9.372425941941802563e+00
1.046057248229403491e+01
8.894112693495538124e+00
-1.109740463079265638e+01
-4.882485016075492013e+00
-1.019585499234148429e+01
-3.118866463341052864e+01
-4.072406814897429683e+01
-4.753814611844061488e+01
-4.562336067420081775e+01
-3.467913474192985035e+01
-4.029282793240021476e+01
-4.038235941082184866e+01
-4.274897265624749565e+01
-5.017260997857665927e+01
-5.240250781657238122e+01
-5.282025057416086611e+01
-3.989491654051737157e+01
-3.580114833810138464e+01
-3.134788403767340625e+01
-2.312468662076553372e+01
-1.772989703127024086e+01
-1.431010176507819054e+01
-5.170190773695487962e+01
-3.468299113117122801e+01
-3.965652569163161445e+01
-4.046979150421275762e+01
-3.816421329577876520e+01
-3.609868105882460299e+01
-4.753635299272870895e+01
-2.846063634151727584e+01
-1.258062896180985391e+01
-1.619979840053985143e+01
-3.833494612879226082e+01
-9.758421829858269447e+00
-4.625316568252174854e+00
5.274666513089084852e+00
1.076527065787740156e+01
1.378969250872036945e+01
8.889291003765650956e+00
-1.164463122943427908e+00
1.149411823887381168e+00
1.267746284060534201e+01
-8.569938042141792778e+00
2.407160224776891067e+00
6.313786034062252028e+00
3.520855351778678699e+00
-6.691520053406657675e-01
-1.103179821862870780e+00
-3.599121519788568424e+00
-3.813312616209990846e+00
-6.436869536750546850e+00
-8.875418031725764934e+00
-1.072157078733344804e+01
9.743250031493682073e+00
2.044885952466126700e+00
-5.887359666914347978e-01
-6.229507800136705464e-01
3.146329685246502805e+00
4.592980822128931884e+00
6.902997413645644897e+00
1.159809732233388502e+01
1.846691371830044304e+01
1.189482582676488498e+01
7.116631631914627221e+00
1.098982174414770796e+01
-1.142244214763862864e+01
-6.346845004734915641e+00
-4.258288128433954434e+00
-3.494527763246978669e+00
-5.236805140487297727e+00
-2.637254498803932812e+00
-4.388480714008492711e+00
-3.696578760824645205e+00
-5.541366650489794488e+00
-5.916792559315517508e+00
-3.208826992697062508e+00
4.100118662376715406e+00
8.997275687144501433e+00
1.271284328376714789e+01
1.517670016076625927e+01
6.621772499457792449e+00
1.170179256129343592e+01
6.143379011898320918e+00
8.898017270505249599e+00
4.421635194800789037e+00
3.457966547226778875e+00
1.314003118459024222e+01
2.129249510062007467e+00
-7.180742024891180186e+00
9.990991766894708803e+00
5.200011108302637908e+00
1.214274989705257823e+01
6.969303825881359771e+00
9.863727151002589011e+00
9.038986680593914969e+00
-1.372818093461601663e+01
-3.469129243209792546e-01
-2.066079509616702126e+01
-3.446080298595148150e+01
-4.298098869513081866e+01
-4.821300031366615713e+01
-4.108438212293250302e+01
-3.598263927553371389e+01
-4.090299183567421437e+01
-3.988689521171033903e+01
-4.393938570303527058e+01
-5.094312342839552343e+01
-5.257818622226496075e+01
-5.061245098302975265e+01
-3.947197031680607893e+01
-3.733636104618712181e+01
-3.051146262253035246e+01
-2.176196056191756867e+01
-1.692444497884649479e+01
-1.352050365664778653e+01
-5.218698419010765832e+01
-3.518337730531278140e+01
-4.101638420528612272e+01
-4.036056021448747089e+01
-3.549979520484129125e+01
-3.024082330470051261e+01
-4.425102073484784171e+01
-3.431365127020378480e+01
-9.211812537381730337e+00
-2.474343745685266427e+01
-3.706752913408709560e+01
-9.139175020195164478e+00
-2.806676351114592016e+00
3.011560900232947979e+00
1.152559505081262081e+01
1.314538788051434004e+01
8.695134817656636983e+00
-6.546300579163108146e+00
-2.523229386018302378e+00
1.006149085276631494e+00
-5.490119822169474695e+00
3.323593957046713232e+00
8.598800944166455906e+00
2.832565685404575095e+00
-3.302045745675681321e-01
-1.554085654711325093e+00
-3.837414703160658025e+00
-4.084204728843486620e+00
-6.980912528601248113e+00
-9.358838883607567993e+00
-1.079883284810101252e+01
9.043771249485653030e+00
-5.194437414487200755e-01
9.268870582747981146e-01
-2.471773988020783686e-01
4.350842983491960858e+00
7.422140097988364715e+00
9.158569551573014778e+00
1.273645953958156518e+01
6.323450760591477149e+00
7.828548064486291480e+00
6.939086121849498134e+00
1.100557194386160553e+01
-1.184695622309646446e+01
-6.955024243442785803e+00
-2.016214256771083235e+00
-5.080808221691603954e+00
-5.094263450624350043e+00
-5.943668201571514764e+00
-3.835679470572320948e+00
-4.868036389315112622e+00
-5.905230692674588333e+00
-5.581735685337776864e+00
-2.157422886667567319e+00
6.658722291042112218e+00
1.003062050255923054e+01
1.484900508656781959e+01
1.565739027459413713e+01
9.393979464739709684e+00
1.033455294096152421e+01
1.216212178459885429e+01
1.235318464200783950e+01
5.067363197301221867e+00
6.321456660501535652e+00
1.243419744972688257e+01
5.369283614111417968e+00
1.940882685876052172e+00
-2.101778216707564373e-01
-6.688682579902072156e+00
7.290607210261010884e+00
4.538714595380957562e+00
5.115349247892147844e+00
9.677108855432088319e+00
-1.092952849784811598e+01
7.970184852931986086e+00
-2.634674710054473223e+01
-3.553106606343425256e+01
-4.576780355212827089e+01
-4.033335599866482823e+01
-3.645534095359739268e+01
-3.059019812990039711e+01
-4.039176485086240120e+01
-4.042511258277362884e+01
-4.485717482610066043e+01
-5.159291473577354736e+01
-5.229489047112873124e+01
-4.823663917170904369e+01
-4.024011636564618755e+01
-3.459970039115573570e+01
-2.824809255511637573e+01
-2.076765220892017538e+01
-1.610546181499561413e+01
-1.243857843832027577e+01
-4.463261801482276070e+01
-3.694687059655635863e+01
-4.165940087663316405e+01
-3.951306494633337252e+01
-4.343524919755915903e+01
-3.768950963569871959e+01
-3.999918707287356057e+01
-2.280965706250099245e+01
-5.980905562571725120e+00
-3.277555790018450210e+01
-3.623305430575830144e+01
