# y [pc] 550myr: 
1.500000000000000000e+01
1.099745914295409932e+01
4.646368678008159780e-01
-7.259880291168732569e+00
-6.635263969218208047e+00
-7.580000942253207086e+00
-9.993228521926132757e+00
-2.355283454303967972e+01
-2.722647518221619833e+01
-3.351595107966887532e+00
-1.624434839943961606e+01
-1.518893224567439582e+01
3.828332863857041080e+00
1.346272955226022816e+01
1.974976653194905296e+01
3.322272949056433333e+01
3.341411542123921663e+01
3.364937578873995250e+01
3.317226355493585288e+01
2.793060588732563332e+01
2.094211825838427998e+01
1.803699334659959774e+01
1.459231041102770554e+01
1.987532769006816125e+01
2.809918682211246299e+00
-4.360971026761499836e+00
-6.199702929740974255e+00
-1.496020973172160096e+00
-9.533689544087597945e-02
9.765300727238194867e+00
4.858257735686724033e+00
4.542547606379799596e+00
2.902317128435816240e+00
-1.368566094041618886e+00
-1.960587659985865372e+01
-2.432224890068034995e+01
-1.855809324304053121e+01
-2.257741237141966195e+01
-2.086586960772374510e+01
-2.088231314312746534e+01
-2.077213360532456932e+01
-1.825145267025258988e+01
-9.676599783538067712e+00
-5.492521452312614239e-01
6.547314661624408672e+00
6.009447210117140337e+00
-5.670321786095913197e+00
1.950977110672001302e+00
1.619708602072161696e+01
6.298105564006363011e+00
9.810233729957760218e+00
1.540784472989153642e+01
8.596237728680030443e+00
5.421647793373398194e+00
-5.933213052000289700e+00
-8.354444921735970198e+00
5.171962420891251355e+00
-2.036484886244753412e+01
-8.593867721737713339e+01
6.922935380469390054e+00
5.794796647412758794e+00
1.659565164596635256e+01
-5.102240746963511597e+00
1.022003195989154634e+01
3.498943513401574279e+01
1.995697449338598162e+00
-1.540532933079235889e+01
-2.082523598392080544e+01
-3.116874276775587305e+01
-3.347289628976157871e+01
-2.739201791907518313e+01
-3.096374394219823856e+01
-3.279020973311845921e+01
-4.315557516568029683e+01
-5.218988789434096986e+01
-4.098243701843076536e+01
-3.002582191580266624e+01
-2.405383321142742759e+01
-2.158606810408443621e+01
-1.577168437258602474e+01
-1.159155657946936557e+01
-8.540130589261975658e+00
-3.730059779448797741e+00
-3.076769495373963537e+01
-3.226197212399937087e+01
-3.895221172149067002e+01
-2.544708216714256821e+01
-1.622965326228062466e+01
-1.644429275872859009e+01
-2.222350611675900112e+01
-1.425951769525477175e+01
-2.835453422060817275e+01
-5.505048255298579107e+01
-1.792550859334551205e+01
8.872503890572211560e+00
-1.371963951452573438e+00
-7.811111309816610948e+00
-3.144588592668689508e-01
-5.333794161301671721e+00
-1.248664699929366328e+01
-3.264715276567109470e+01
-2.416646079589551732e+01
-1.258689209245023477e+01
-6.450902943556982905e+00
-9.465947991365963432e+00
1.874135028161765026e+00
1.716927029275768390e+01
2.498748007525684756e+01
3.399173275771097735e+01
3.283642777177078642e+01
3.418511420557538827e+01
3.221712288491394105e+01
2.687953604072627556e+01
1.907600045604376859e+01
1.569005017126273316e+01
1.479256724666389644e+01
1.677030797224733760e+01
-5.107242986966824272e-02
-4.889659814282333095e+00
-9.275327336690992297e+00
-3.032516636648578512e+00
1.674793027233099085e+00
9.841111050623284839e+00
1.359614439050034651e+00
4.872193425219893292e+00
7.662195987488625626e+00
-2.914401945995925836e+00
-1.810953917913456124e+01
-4.018626904172884373e+00
-1.251629406050748727e+01
-2.262637300432178122e+01
-2.111782611444444768e+01
-2.362080736701334160e+01
-2.213110006262383678e+01
-1.608047268774062388e+01
-7.679962158533506056e+00
5.794349245379135649e-01
7.148026914600017712e+00
8.317807087986913928e+00
-9.516867140214317899e+00
4.199058208719474550e+00
8.401266641656258471e+00
1.182511423607045309e+01
5.375406763877267124e+00
1.491857966953813985e+01
7.912288719887694555e+00
5.807418529618805891e+00
-1.021104091925701773e+01
-2.126543312254016271e+00
-2.717587740476405056e+00
-2.577443823190813887e+01
-4.697222533195824923e+01
-3.109323151769149973e+00
-4.246274568715809217e+00
1.361946903213532778e+01
-4.916476842151363158e+00
4.835508657897011453e+00
4.100471662726729249e+01
-1.681737296052290720e+00
-1.638441700925543287e+01
-2.344753572354950322e+01
-2.951686667723212310e+01
-2.925068585605205485e+01
-1.913187386862797368e+01
-3.233060911505741331e+01
-3.303677793790109973e+01
-4.618380245064666667e+01
-5.085616747154938366e+01
-3.770129200579865625e+01
-2.927976732460010822e+01
-2.347431814792744120e+01
-2.253687204601594019e+01
-2.348685782400910682e+01
-1.224626010886104766e+01
-8.192753294979384648e+00
-3.097264980824305791e+00
-2.490103246113452329e+01
-3.577417620974387091e+01
-3.669294053484655649e+01
-2.483761677896492515e+01
-2.297315186418319399e+01
-2.040591040398292577e+01
-2.911795326200007850e+01
-1.863392945180651239e+01
-3.563376474818332440e+01
-5.175623541303001929e+01
-2.090409378895458659e+01
6.768164011606843111e+00
-2.898177642210357785e+00
-4.176571252811753787e+00
2.998915635433422877e-01
-1.096291622418549494e+01
-1.572310567681647342e+01
-2.475965074471615779e+01
-1.065701902971826343e+01
-2.671982359108444882e+01
-1.884378512623299784e+01
-7.318946638234555824e-01
1.291190348067751614e+01
1.748513042414639784e+01
2.789197081352091345e+01
3.419541419471802612e+01
3.339602115831671370e+01
3.412728568410183527e+01
3.085927225958263875e+01
2.570867155449022334e+01
1.715696008031689601e+01
1.326983688973394315e+01
1.913730758834767798e+01
1.310413375818415460e+01
-2.271464080681063091e+00
-9.471305323558750544e+00
-6.620291372231413618e+00
-4.483766461614441035e+00
2.304878298693656458e+00
1.182626929243215308e+01
-1.511803372859737538e+00
4.843743613447635710e+00
4.396666845967507342e+00
-9.960487479785642861e+00
-1.086401007755369186e+01
-2.005497242877237696e+01
-1.983582090708840084e+01
-2.423646091462162033e+01
-2.235017461745999512e+01
-2.114810077993050896e+01
-2.136070168252787127e+01
-1.471099042738769924e+01
-6.235244989777897651e+00
2.851984940849347172e+00
7.497364048154876670e+00
-7.710338665743119435e+00
-1.881590233015883573e+00
2.584371115027087829e+00
1.350289427584393032e+01
8.318586599361761813e+00
1.360424468613007498e+01
-2.671091527966056756e+00
7.373694377898639907e+00
6.283619319624083488e+00
-1.018913243585705608e+01
-7.199168060483721376e+00
-7.427976845378069015e+00
-3.034575051162157067e+01
-4.678464203429913759e+00
5.163393382536696663e+00
9.579136952428205731e+00
1.660907616857407731e+01
-4.584728346547842115e+00
1.062157478546401634e+01
4.201406697421502656e+01
-7.558717297932528112e+00
-1.737498783343109565e+01
-2.194611225110790542e+01
-2.845135885523968966e+01
-3.385585801824820606e+01
-2.696985258407877595e+01
-3.257912460076702388e+01
-3.467500858165870881e+01
-4.881078140033388024e+01
-4.890265327772581827e+01
-3.480840670179169649e+01
-2.840674960813891303e+01
-2.239874375254097671e+01
-2.555453012871652518e+01
-1.462214573712598487e+01
-1.107798155807812712e+01
-8.299277749605291632e+00
-4.272952033914296344e+00
-1.673097765771726131e+01
-3.389753429997934830e+01
-3.111135112631376032e+01
-2.302698449605938791e+01
-2.263256723717620389e+01
-2.750259421678347138e+01
-1.764737174122133467e+01
-1.767391153691992400e+01
-4.665120956848225120e+01
-4.783912878967256432e+01
-2.357388067937952769e+01
4.623743322424815894e+00
-4.101521506145977547e+00
-8.623652892084589183e+00
-2.287755822883084988e+00
-1.266301611161360086e+01
-9.143907108118719762e+00
-3.164209177847895305e+01
-1.114599525751449605e+01
-1.886678724679566344e+01
-1.910712029243275012e+01
6.706109806210791113e+00
1.351043029601539658e+01
1.733394433243658384e+01
3.009497707657848053e+01
3.408406807317950893e+01
3.366470610975919442e+01
3.381514601887200655e+01
2.986716344814135482e+01
2.430687667769328186e+01
1.514551014641822491e+01
1.307515532285802351e+01
2.089446589061108384e+01
9.240069975145152270e+00
-3.856615747591632726e+00
-8.329480319962057067e+00
-1.927007397504125086e+00
-2.327657848059148105e+00
1.637451629916216511e+00
7.559507294254650844e+00
9.312488668349027776e+00
4.683103215031924726e+00
4.398858395790564479e+00
-1.481188065290130851e+01
-1.754621380225275828e+01
-1.398612982201156285e+01
-2.040729194440099192e+01
-2.334284625859307027e+01
-2.288374056418689761e+01
-2.223805502068350037e+01
-2.048787927864011138e+01
-1.297310136973825578e+01
-4.321721379015978748e+00
4.378570972907771974e+00
8.485165978410345033e+00
-4.549120638587237586e+00
-3.997846172507262708e+00
6.620040394645588577e+00
3.743139442362418023e+00
1.418885908350480385e+01
1.477961111069079791e+01
-8.920805187078043375e+00
9.558043448055004276e+00
-1.431979039189177572e+00
-1.261656217370574140e+01
-4.401512655780975614e+00
-1.655458185478978805e+01
-4.229115493624431821e+01
2.711888728900578638e+00
5.637494874616429286e+00
1.273348310073608580e+01
1.145256807479947270e+01
-4.458417056699195413e+00
2.456659063784546504e+01
2.560114403546410955e+01
-1.441101810550213713e+01
-1.827731323882933623e+01
-2.335865825124515638e+01
-3.047315847286883539e+01
-3.367148811456078050e+01
-3.072607054157420237e+01
-2.984522442811506693e+01
-3.735443503742926197e+01
-5.119305951553441503e+01
-4.647123203470928132e+01
-3.349712203326274107e+01
-2.621581936863038109e+01
-2.288733349674573248e+01
-2.018746731079016143e+01
-1.334556073501176598e+01
-9.803132314764964050e+00
-7.046776002188038568e+00
-9.071174700957582715e-01
-1.645577952703625613e+01
-3.758866750411837643e+01
-2.953924606482705428e+01
-1.967512503506363686e+01
-2.048847957124649000e+01
-2.549000146149029433e+01
-1.718590303083678350e+01
-1.806397195193236982e+01
-5.638029293207563342e+01
-4.267353738739791424e+01
-2.208333382765476571e+01
2.493943438510506372e+00
-4.913460552316049501e+00
-9.893633251456892097e+00
-4.767577557228892537e+00
-1.334086425803360321e+01
-1.210418658200034869e+01
5.104946931423234524e+00
-8.101821397540945213e+00
-3.891908706235038551e+01
-1.332216742036966828e+01
-8.284264179727783839e-01
9.155676308601274016e+00
1.469813022330740893e+01
3.191931541619138457e+01
3.401119598022389567e+01
3.361860229301562697e+01
3.341439588148616480e+01
2.892308275860133548e+01
2.270902315826678119e+01
1.308987224304622821e+01
1.918753070645006531e+01
2.104979787724009554e+01
6.106309206602522188e+00
-5.246589016366544733e+00
-5.864276941742872395e+00
3.460140024786022561e-01
-2.540391667337895676e+00
1.138123607903238366e+01
1.221829915826154789e+01
1.641265484434428146e+01
4.510110135155382949e+00
3.146597136866295941e+00
-2.104628513808680523e+01
-2.044374621193456676e+01
-1.842698976418056134e+01
-2.083055917097113863e+01
-2.305003714840734474e+01
-2.246263939858843983e+01
-2.172066785383779219e+01
-1.941262068346354397e+01
-1.127400236427121172e+01
-2.317438492587819976e+00
5.693972582778236813e+00
1.172880928685147772e+01
-8.391164760431431446e+00
2.916512301656517536e-01
1.415997290459251268e+01
1.298169870286375271e+01
1.052185396764538972e+01
6.510469677190363846e+00
1.123177062425677830e+00
6.850717551201806366e+00
-3.212763117234580523e+00
-9.027922641204968457e+00
-4.438582537902061809e+00
-2.012328037430199856e+01
-5.876337216084898074e+01
1.207757196637272834e+01
6.437135790512211742e+00
1.371610386061352571e+01
1.213653869812772434e+01
-5.646593864611366698e+00
1.885660158506426498e+01
9.622505754038236603e+00
-1.443962005619713374e+01
-1.872925291542433612e+01
-2.545898875787299076e+01
-3.372231326513784211e+01
-3.058544468407487571e+01
-3.197789434096660344e+01
-3.195234468585422505e+01
-3.985918142777001805e+01
-5.240487671825703586e+01
-4.366102918786812381e+01
-3.192429570614737599e+01
-2.439918772828881188e+01
-1.936833250394933970e+01
-1.785172032273263554e+01
-1.260297105473353518e+01
-9.351446602043333556e+00
-5.401064521755513326e+00
2.786221228811127659e+00
-2.378751166904192615e+01
-3.736319037695849232e+01
-2.769912913434082213e+01
-1.734601071416864926e+01
-1.873305314840125035e+01
-2.424026260719899994e+01
-1.585186252258543682e+01
-2.146620236894428757e+01
-5.837569132754889978e+01
-3.841791051868780471e+01
-2.024354109988988881e+01
1.512772396032158362e+01
4.030047521738101324e+00
-5.727256458797474359e+00
-4.998374798719543044e+00
-5.331149619081196001e+00
-1.176120229644344306e+01
-1.289542793880367633e+01
-3.656626194178191724e+01
1.533094789578246964e+00
-1.901769712374796839e+01
-1.389029673470296444e+01
9.626530605021171638e+00
1.103728128094236105e+01
1.763755720459704435e+01
3.292501957338031104e+01
3.682694628372801304e+01
3.541453933789802733e+01
3.573847362222149115e+01
3.132779916801615627e+01
2.481964606936097795e+01
1.381585534573035901e+01
7.632287936500182113e+00
2.129107583594358388e+01
6.579341440802846996e+00
-4.380983613995258708e+00
-8.015479026593194334e+00
-2.490232299427789009e+00
-7.112193506570598789e-01
4.234208010944812806e+00
4.270905424393074412e+00
4.653479614859154623e+00
-8.949201038167680977e+00
-1.653302105305971326e+00
-1.755705604200727166e+01
-2.008609395260195285e+01
-1.717048830612352361e+01
-2.392244070921459809e+01
-2.575860181231355028e+01
-2.555843306806461257e+01
-2.424494896783903641e+01
-2.078239907781074791e+01
-1.289525363829291393e+01
-3.797766214281464769e+00
4.776929149353186688e+00
1.086928515788803296e+01
-8.828173141681368463e+00
1.502399361576356229e+00
1.089026315209620499e+01
6.739218305550156884e+00
2.449024775410383015e+01
1.659503959112472415e+01
1.331003004183298444e+01
7.819531820559250335e+00
4.939165522215247961e+00
-1.187218615983631231e+01
1.349602292833269157e+00
-1.071269727827510287e+01
-4.225220408913665437e+01
4.020304329433651347e+00
1.302249137375839005e+01
1.007134820687612731e+01
-5.917756087400569243e+00
-6.056481122172505671e-01
1.406843671514363336e+01
1.750632851315467775e+01
-1.500519823733154645e+01
-1.842074864259726752e+01
-2.366044960397607611e+01
-2.934790704245006054e+01
-3.106859104770046542e+01
-2.888579492956218431e+01
-3.131438810539476592e+01
-3.893779233036122633e+01
-5.312627007321395212e+01
-4.480552766358685801e+01
-3.332147139416617421e+01
-2.403045746982787634e+01
-1.996339332721220572e+01
-1.729836830704792305e+01
-1.267162700764455607e+01
-9.762184472269440860e+00
-6.147237863975314021e+00
-3.949039847275196990e+01
-2.011439294411336931e+01
-3.778422178319916469e+01
-2.847447449683768994e+01
-2.149141411817000247e+01
-1.899651980753356995e+01
-2.241216474817829507e+01
-1.480070107832618831e+01
-2.077210472870833158e+01
-5.894283785861397718e+01
-2.144832283441330745e+01
1.298161628430484527e+01
1.863801436655977417e+00
-7.412486655767198229e+00
1.393053478008208668e+00
-7.511447934416350947e+00
-1.405477449650402022e+01
-1.217520226482852053e+01
-2.009576151558958301e+01
-2.562471035339838110e+00
-3.097309042714986305e+01
-1.283403571490105044e+01
2.392966583639470013e+00
1.186646701100512047e+01
1.880883042142323447e+01
3.438679246809186907e+01
3.585934956563917098e+01
3.684617657925696221e+01
3.464570584431446321e+01
3.034554586045013025e+01
2.304489961548255295e+01
1.095580039307195896e+01
1.492606464538755695e+01
2.125168342850048120e+01
3.452009532925442326e+00
-4.634405056637062259e+00
-9.304953636931619698e+00
-4.379779943203098824e+00
1.999439788487973546e+00
1.275124391233052812e+01
1.306737602186659508e+01
4.744663877380232542e+00
-1.302522393787647781e+00
-1.782940088863079753e-01
-2.487905806016377852e+01
-2.206627321773498807e+01
-1.947062851166269226e+01
-2.405920886615975007e+01
-2.510638442799547576e+01
-2.533408063285160239e+01
-2.418035129279420303e+01
-1.929372698337029490e+01
-1.128437174505918250e+01
-1.874625201774286598e+00
5.886749285102837348e+00
1.338532553648183310e+01
-4.703456018164134278e+00
3.420022631687750447e+00
1.590046601911516611e+01
1.651009724064508077e+01
1.077195476079326752e+01
7.125479916796495061e+00
2.599635995786842013e+00
1.264305144996584929e+01
-2.086994691763836673e+00
-8.457380027731291605e+00
-2.322041359957978113e+00
-1.195999520100112079e+01
-5.684416107627367154e+01
1.337160328533054710e+01
1.132724783941812241e+01
1.308604959891023078e+01
-6.431652444524952550e+00
5.609379481558447900e+00
3.061357181752739720e+01
-8.245769332383717787e-01
-1.506127782691126882e+01
-1.948040270439664567e+01
-2.630614226242019882e+01
-3.417637483640339724e+01
-3.085715977225435580e+01
-2.930717096649555131e+01
-3.211051701155017923e+01
-4.218203348852517820e+01
-5.320498079508674039e+01
-4.158735271323085669e+01
-3.147405066545689678e+01
-2.292193850650512843e+01
-1.900421338408386163e+01
-1.559798288087850970e+01
-1.192813266530508365e+01
-9.088346917805651515e+00
-4.586266002470355652e+00
-3.236662408430415638e+01
-2.834733506342270459e+01
-3.819346306188465690e+01
-2.638725824587030644e+01
-1.820261713556865502e+01
-1.809900017328711641e+01
-2.344447994032491778e+01
-1.297652395842084161e+01
-2.764264408412948626e+01
-5.670736575903841015e+01
-1.983004601715603599e+01
1.076834984080347191e+01
-1.665710177970553818e-01
-4.112343239854497234e+00
1.439968857841274597e+00
-9.732096123544472732e+00
-1.277217709456069272e+01
-9.903103234821957201e+00
-2.502681029398010182e+01
-9.965505451457350006e+00
-1.762758714420588646e+01
-1.438285154162594814e+01
5.938086257436865356e-01
1.270853929537068794e+01
2.559286266491922390e+01
3.536989322114074952e+01
3.556910574625005950e+01
3.702128822012755194e+01
3.380300362156523875e+01
2.922179442649086667e+01
2.117246178680501600e+01
1.131069125907595385e+01
1.474126088242847388e+01
1.834644127113679346e+01
5.094060687546922983e-01
-9.755153669927967286e+00
-7.610600830150451301e+00
-4.251792628083865822e+00
3.172501469839515309e+00
1.624142837125505068e+01
1.869538836039347451e+00
4.646135085821836874e+00
2.255489337134482852e+00
-1.011287134353594297e+01
-1.746655775069244498e+01
-2.420993323077384929e+01
-2.303113644716497532e+01
-2.309521694642918277e+01
-2.436010327046407298e+01
-2.184556920846504013e+01
-2.385737308106899590e+01
-1.897402470426978027e+01
-9.780257427945521442e+00
-7.388010060432471937e-02
7.222715378456016744e+00
4.157326047919822187e+00
-2.996584769194067910e+00
5.313881771097213047e+00
2.022415490168382846e+01
1.132173095374050398e+01
8.824466926258528687e+00
2.462983312231475708e+01
4.718357473952438319e+00
1.462532351607819869e+01
-5.731237294575294960e+00
-1.866041414882105443e+01
-1.116601693487608316e+01
-1.359203658598454290e+01
-7.302302064968972672e+01
1.185954999564184043e+01
1.198713446092451029e+01
1.363952786728784794e+01
-5.780395409553240604e+00
1.345523487451464462e+01
3.124296841783636580e+01
-6.328537257680583394e+00
-1.634343517616241215e+01
-2.071228494948587340e+01
-3.379208369955812685e+01
-2.724443063248098085e+01
-3.267772427139080804e+01
-2.980100115818373752e+01
-3.284415049030189238e+01
-4.558262982160253074e+01
-5.234536300321410351e+01
-3.849644735381011174e+01
-2.898388747465822846e+01
-2.293878104019949404e+01
-1.869869113976101715e+01
-1.487009156210906724e+01
-1.146305929134831736e+01
-8.494624369142810494e+00
-4.113694185241072887e+00
-2.662241106042845118e+01
-3.560421473838897555e+01
-3.744069940157336163e+01
-2.413321610785882854e+01
-1.730848608974147496e+01
-1.713356880760535716e+01
-2.175521879843868689e+01
-1.559292633116651672e+01
-3.640114337375337072e+01
-5.200285193781635229e+01
-1.805787169312549878e+01
8.526629601744854625e+00
-1.929076024877319995e+00
-7.625168845483116797e+00
-7.564888935128650793e-01
-1.115462397789095128e+01
-1.834133964991373489e+01
-3.789535079986789867e+01
-2.715071370244487525e+01
-2.105260771548511656e+01
-4.832611847716169251e+00
-6.031683061286374326e+00
2.378985169556335211e-01
1.273904181188503948e+01
2.884584031704103424e+01
3.611407927722834899e+01
3.548904181366660993e+01
3.678806616733511703e+01
3.303159280733231640e+01
2.793413205383363263e+01
1.922288354814444489e+01
1.380610226147163289e+01
1.855729883651748224e+01
1.304101289593635293e+01
-1.867125823278755092e+00
-1.026403221078937733e+01
-2.293363124606361492e+00
-2.386576964570719106e+00
5.409241327920009113e+00
1.296039931080856178e+01
8.620090763554928870e+00
5.165267960311647144e+00
7.701594109494532603e+00
-2.296883036887563900e+00
-1.383352080968065678e+01
-1.974533063878368111e+01
-1.644617066607766276e+01
-2.668742723843987363e+01
-2.456076636905194377e+01
-2.401642376712561244e+01
-2.336182060850539699e+01
-1.609440783216485116e+01
-7.740108671700889786e+00
1.694467268835694540e+00
7.196665498770849823e+00
-2.499079387495744431e+00
-5.919491380626324961e-01
9.066480507321289295e+00
1.505305567223567564e+01
1.236091934947713078e+01
1.359037708354250107e+01
1.362243569382327912e+01
1.120010341592987224e+01
9.990681528438855707e+00
-1.181563667686720542e+01
-1.613132859246905682e+01
-3.904742871271533744e+00
-9.828870003222343499e+00
1.005263059864570252e+01
9.594698282011602686e+00
8.320345538553771902e+00
9.980715296707575845e+00
-8.245669839140543189e+00
3.237445390200485829e+00
1.186145056110452245e+01
-1.881756591129553158e+01
-2.032045523338299020e+01
-2.445578916424339866e+01
-3.350560260556045478e+01
-3.170123363792060900e+01
3.490931609253675560e+01
-3.198166781678287052e+01
-3.396704747135173363e+01
-4.848591515962075249e+01
-5.061111484457648402e+01
-3.538580560384797025e+01
-2.716244527690278332e+01
-2.269400645587253962e+01
-2.023275217875121257e+01
-1.503193758694959214e+01
-1.180664298973087156e+01
-9.423616247567005999e+00
-5.966715638825050405e+00
-2.328842373813273170e+01
-3.786163722538275778e+01
-3.407267933914074121e+01
-2.347856182686829385e+01
-2.168197105421536364e+01
-1.995075420607736305e+01
-1.894393812733914118e+01
-2.240454286079048885e+01
-4.255978954535422787e+01
-4.613260153711233613e+01
-1.978955687608483061e+01
6.271623864720037744e+00
-3.399615220436590146e+00
-8.258755004359203511e+00
-2.785533509184689560e+00
-1.255880889808173606e+01
-1.742975717303172090e+01
-3.093505879517031332e+01
-1.156614902220733399e+01
-3.113553589199713656e+01
-2.377232739162012720e+01
2.681373141261297999e+00
-3.275560957587919209e+00
1.641017516775347929e+01
3.111325375202730115e+01
3.656791240329315684e+01
3.542697025898186780e+01
3.634436404134346077e+01
3.221658464062453220e+01
2.646671322188439746e+01
1.721739525959205608e+01
1.090778703687812623e+01
2.031916169954857665e+01
9.803411895483966632e+00
-3.975658441191152193e+00
-8.347532205728686705e+00
-9.222601161242652279e-02
-2.273036011068950479e+00
4.859181075788058024e+00
1.024794528743035471e+01
1.071393371630785296e+01
4.905412777181068051e+00
7.034134199584307190e+00
-1.201125439737389655e+01
-1.896196760543279325e+01
-1.688566777248297512e+01
-2.119695588000316988e+01
-2.607425529975117584e+01
-2.597193597390814546e+01
-2.495199600133692641e+01
-2.213132427936992741e+01
-1.470038496859487331e+01
-5.725435270955599343e+00
3.309476262921199563e+00
9.064445215371517151e+00
-6.849427717031600693e+00
2.303356388166503788e+00
6.682542670051891065e+00
2.034188916752325582e+01
1.417027109910033289e+01
1.703738257877131801e+01
-6.270628379936253882e-01
1.338295764471118687e+01
1.007385483884130295e+01
-1.006566478317400914e+01
-2.089335054259486013e-01
-1.142380111518014907e+01
-2.871865503731641311e+01
-4.776220978483129542e+00
8.192144533807240947e+00
8.683387619789375123e+00
1.353769733344954496e+01
-5.416000639773549175e+00
-9.209003666714039582e-01
3.931025824477297448e+01
-1.226180143251533394e+01
-1.781838128767660479e+01
-2.261013578799342483e+01
-2.784075237287909133e+01
-3.242343256961435571e+01
-2.551775299936408459e+01
-2.908188210230919779e+01
-3.655625681460752929e+01
-5.126972882177516055e+01
-4.800369358970671385e+01
-3.374859158428970574e+01
-2.556791904114727387e+01
-2.392753803148350755e+01
-2.125616926614745239e+01
-1.348049100350825746e+01
-9.485112703124682909e+00
-7.304443445115075484e+00
-1.478060843560496052e+00
-1.625159178795589909e+01
-3.782366423467898642e+01
-3.027679205795996609e+01
-2.198662463524000898e+01
-2.072631345131849656e+01
-2.695294536373404526e+01
-1.656938875142954970e+01
-1.814506870211780054e+01
-5.873134911553279380e+01
-4.359878588520336251e+01
-2.242087555787838582e+01
1.910268349517556175e+01
7.808446759794771985e+00
-2.540622610923397584e+00
-3.064679607170421871e+00
-3.803715715334961001e+00
-1.360530459764442135e+01
-1.841084857492940685e+01
-2.575715691358003667e+01
-1.646655602741806490e+01
-2.768368457376429603e+01
-2.305351947499836385e+01
-2.376656276794446132e+00
2.885896363005783449e+00
1.773692331847849601e+01
3.207646568538334719e+01
3.819523437983783509e+01
3.820511122994841458e+01
3.772974825278078725e+01
3.441713009509985710e+01
2.841774442476588547e+01
8.054430508473252814e+00
-1.579791626365826929e+00
1.951208453778223628e+01
9.257799297235598246e+00
-3.476110349851198489e+00
-8.444883852672630198e+00
-5.038605017117918194e+00
-1.547905858817920199e+00
7.922948581990301165e+00
1.688480336673850601e+01
5.728631293138639613e+00
6.917891216703179857e+00
1.275987929931735287e+01
-1.089723355551872785e+01
-1.986246553593580089e+01
-1.875197635202152568e+01
-2.059257612547479610e+01
-2.802559745706416550e+01
-2.862401431507349869e+01
-2.732130889011212105e+01
-2.367631994081794389e+01
-1.632662811655401214e+01
-7.036769224775885512e+00
2.257027498738922500e+00
8.683008370050773195e+00
-3.348040579461428745e+00
2.663113432385947110e+00
1.224387951210734116e+01
2.387471649274353425e+01
-4.374138282512642029e+00
1.511821256138084202e+01
1.208074632867404752e+01
9.892819989212915388e+00
9.322454079469215671e+00
-1.363027339871921662e+01
-1.152855009346635740e+01
-1.291934496510568842e+01
-1.829387262354048360e+01
5.462735358725582024e+00
1.247802851653923462e+01
1.252017692159125772e+01
-6.867654227055147054e+00
-4.000949021172530706e+00
2.403015126573785576e+00
1.923750683963919883e+01
-1.760200331901036819e+01
-1.844278082231171467e+01
-2.327329372124209783e+01
-3.064289784185779197e+01
-3.050852493507616003e+01
-2.831660469618098830e+01
-3.124636941207882401e+01
-3.579524522368564732e+01
-5.138702698728748430e+01
-4.936530574866625187e+01
-3.247438566050973918e+01
-2.510974244505634445e+01
-2.246668350876744924e+01
-2.129618588606765073e+01
-1.393853399465343834e+01
-1.119894666932453653e+01
-8.744765304498148595e+00
-3.934331380346024787e+01
-2.383011060995902497e+01
-4.160944832490802980e+01
-3.196258382378089991e+01
-2.262226298592463181e+01
-2.229350285511527829e+01
-2.545920687508976599e+01
-1.535719387057556418e+01
-1.784336885063366296e+01
-5.634856081624857183e+01
-2.046392093074578966e+01
1.697826065027953746e+01
5.478932329197569118e+00
-6.001212626329703426e+00
1.333827822679894970e+00
-5.630890232340785673e+00
-1.500469651125578707e+01
-2.036480937169242011e+01
-3.224415790692435024e+01
-1.444812544274157728e+00
-3.159465866848958626e+01
-1.797200441895480694e+01
6.990707175994658407e+00
7.503895965397226142e+00
1.913210538844344555e+01
3.387061707850540415e+01
3.866578120096379223e+01
3.818061393663050040e+01
3.708851554732649447e+01
3.351114843597116533e+01
2.675575735237245212e+01
1.486188918470511267e+00
3.265785280579961203e+00
2.007824072906160495e+01
6.456668414633353947e+00
-3.080288545446876469e+00
-8.794230822290037608e+00
-6.431129113223430060e+00
1.082088958255016609e+00
7.737612795490946382e+00
1.262584751075630507e+01
4.846458604312473994e+00
-1.795014132639770332e-01
1.006715468699187710e+01
-2.019898154095172771e+01
-2.211709223004500657e+01
-1.858765552599403748e+01
-2.571203897604354438e+01
-2.749441128783038124e+01
-2.816575902714874857e+01
-2.709228454044691148e+01
-2.244002874828127503e+01
-1.454002772304198920e+01
-5.195636049456382466e+00
3.809763815273039089e+00
1.070168008586517594e+01
-3.688413217594135762e+00
4.925056472292954624e+00
1.041628832891431600e+01
1.940018282730246213e+01
1.998817139900339512e+01
2.182627595966049938e+01
1.347100189851557772e+01
9.981538373779544671e+00
7.342103718404347390e+00
-9.800715362496459804e+00
-1.992134332668017294e+01
-1.060373143521308315e+01
-2.827052729075212767e+01
3.393567606262211989e+00
1.370221281492378296e+01
8.025086672851818648e+00
-6.132901186961784212e+00
-1.810588507250125545e+00
1.174501786820640703e+01
2.193233793621010363e+01
-1.501779565870767463e+01
-1.837094897368055157e+01
-2.286041979392372525e+01
-2.432514491037932913e+01
-3.027737866666440070e+01
-2.647606385529874373e+01
-3.070475480841490779e+01
-3.811316128379144175e+01
-5.379733159491135552e+01
-4.602990041005190136e+01
-3.352773313283830703e+01
-2.375396186343323635e+01
-1.935194433762870503e+01
-1.692701797990158852e+01
-1.268465029019372636e+01
-1.006848128772765527e+01
-7.161001844927726623e+00
-3.865495894401722410e+01
-1.960044048460609645e+01
-3.888746092714638536e+01
-2.935769895908422811e+01
-2.329724909004127653e+01
-2.015928570452802049e+01
-2.201622989695109922e+01
-1.383170351035778189e+01
-1.933608828325204243e+01
-5.995892154090499560e+01
-2.165480439696477433e+01
1.477197754049119105e+01
3.205229630004605923e+00
-3.626482075268049776e+00
1.024891412719172390e+00
-7.804046803340940031e+00
-1.302229196911308939e+01
-1.604629948386898164e+01
-3.338606252422624010e+01
-2.202171481715186285e+00
-3.208868727485572947e+01
-1.340653490353587962e+01
6.261878826841429380e+00
8.642408175867725362e+00
2.032971194852806818e+01
3.537464881367242242e+01
3.843458217949913092e+01
3.851036315076872540e+01
3.653130285467068461e+01
3.247798418874270965e+01
2.497866404405227314e+01
4.822733167164597212e+00
1.195847917557678741e+01
1.984994287258966139e+01
3.661343332851480170e+00
-8.563551344351832739e+00
-7.458177991624404868e+00
-5.120073600075186526e+00
2.724449052733687093e+00
9.987970140164390997e+00
9.449118162341200389e+00
4.658962354191363175e+00
-9.063022516220639702e+00
7.099357226909729368e-01
-1.870545182718427313e+01
-2.690363517963821138e+01
-2.164218405597645045e+01
-2.642446761026026181e+01
-2.706686038447296028e+01
-2.811941193032136610e+01
-2.688643972361066048e+01
-2.098901069854735724e+01
-1.205927362823497262e+01
-3.198226129626872360e+00
5.110265529404070861e+00
1.317661795013018811e+01
-6.006598083659492993e+00
4.417652060513881374e+00
8.972281501905198908e+00
2.046965950806435330e+01
2.099784489671196397e+01
2.165244056437768450e+01
1.878749109343661461e+00
1.238893512913331030e+01
5.300125679171030946e+00
-6.206967893565281003e+00
1.436945851785618400e+00
4.651791166473807415e+00
-4.174669908160883125e+01
9.041672368068486065e+00
1.397625669635058365e+01
1.198649003856784212e+01
-6.756064349849145501e+00
3.059783727688102362e-01
2.319269432402687769e+01
1.797080334177104943e-01
-1.565617693945197608e+01
-1.893309165110548875e+01
-2.449022455717542002e+01
-2.847085530441952983e+01
-3.105684348060434630e+01
-2.726208838880724983e+01
-3.119425702219382757e+01
-4.156062590789858291e+01
-5.420574597861480015e+01
-4.204733432367997636e+01
-3.330180461720770779e+01
-2.253870807507427898e+01
-1.809361800181468993e+01
-1.532159134272299994e+01
-1.214821268891980388e+01
-9.371305022882644664e+00
-5.330790633966492997e+00
-3.264538629566395400e+01
-2.682777065956679508e+01
-3.876196800187331348e+01
-2.701615953198900755e+01
-2.238639827823042339e+01
-1.856133344592582546e+01
-2.229682884446945934e+01
-1.264678741830960362e+01
-2.798805655695280237e+01
-5.693117505062312489e+01
-2.073874019474378372e+01
1.249097656616358165e+01
1.068993765986137490e+00
-7.601408025141926039e+00
-8.633562970321473351e-01
-9.919307378821772048e+00
-1.174125479125053850e+01
-1.740886897887964935e+01
-1.705972727729798777e+01
-2.640614477732334819e+00
-2.735983851345122275e+01
-1.524295314686260383e+01
1.515145910842610188e+00
1.372230281573027000e+01
2.666427695452478730e+01
3.652135431028928991e+01
3.791212452459738813e+01
3.887376958682875738e+01
3.590383219477865850e+01
3.128668364879847630e+01
2.310400658534708995e+01
2.224666931137438297e+00
1.353581351563734358e+01
1.743938871197765650e+01
9.837289238226359922e-01
-9.231770786955992847e+00
-2.898232437787355842e+00
-3.565592782184150877e+00
4.701560945859815988e+00
1.615103428122192497e+01
1.793918521246182252e+01
4.914031364386586276e+00
1.288152602622401721e+00
-8.630187315942082549e+00
-1.894461393890388479e+01
-2.499388504825584079e+01
-2.684901715795268728e+01
-2.471180961269291032e+01
-2.628432290182741937e+01
-2.708538684818354270e+01
-2.565938852522182145e+01
-1.951450153159519374e+01
-1.118024274640204041e+01
-1.287380057262438982e+00
6.528430402278329936e+00
2.919303501704797021e+00
-2.080338259337159434e-01
5.933998911978556556e+00
1.452501397850192077e+01
1.932206042073626406e+01
1.241490885123308630e+01
1.179022910663805312e+01
1.259766845934520596e+01
1.217538741485474141e+01
-3.546231190286306401e+00
-4.328923770673309690e+00
-2.500617456083055856e+01
-4.207995879451990717e+00
-5.362663382447389893e+01
1.408244983717283638e+01
1.287021405999376178e+01
9.511468338868530381e+00
-6.805437361535792817e+00
7.858609220989293043e+00
3.962142746446373565e+01
-6.932753124151462387e+00
-1.557330060920043024e+01
-1.956907640289998440e+01
-2.749033191031438506e+01
-3.210705988138314382e+01
-2.905450502415832403e+01
-2.870337598742048613e+01
-3.211024022508953379e+01
-4.505620677661100615e+01
-5.348525478087683638e+01
-3.852106568192558456e+01
-2.954342970789485179e+01
-2.203585165931565726e+01
-1.837217651029874332e+01
-1.461976213286453508e+01
-1.170435124978509478e+01
-8.900249003022834060e+00
-5.117473957600942036e+00
-2.502750454529209634e+01
-3.335097649959183741e+01
-3.756670279718630923e+01
-2.531526887059782283e+01
-1.972624947616370861e+01
-1.648502458555816119e+01
-1.937739525789684336e+01
-1.450146438561297124e+01
-3.717926723960914615e+01
-5.238832946148171033e+01
-1.955467607086796278e+01
1.014894253870600593e+01
-9.097967667914138579e-01
-6.987031831128935444e+00
-2.462771669546267805e+00
-1.130610538446802238e+01
-1.451197986963392950e+01
-2.441347357207223823e+01
-2.046981227761020605e+01
-4.597628780624019917e+00
-1.961158630826048821e+01
-1.195614376336008888e+01
-4.404160496249489576e+00
1.573835198582811934e+01
2.972653143247500296e+01
3.743732026758564047e+01
3.779836011260936601e+01
3.862703578990049635e+01
3.519802230877467508e+01
2.992782690962903658e+01
2.113922666438770293e+01
1.495158080616233232e+00
1.810023598511476450e+01
1.246314393425428335e+01
-1.427554380166059955e+00
-9.217188625671134616e+00
-1.181560541103216844e+00
-3.015390163955832037e+00
6.767449399332030602e+00
1.685940384721224916e+01
3.481550013201252458e+00
4.939417564669112082e+00
4.540869797742737468e+00
-1.333387180989984344e+01
-1.960841501912844365e+01
-2.090977560649196221e+01
-2.022588948823599608e+01
-2.604358710130509280e+01
-2.834927581591826495e+01
-2.558367629510591712e+01
-2.666654180196496782e+01
-1.817034118028544043e+01
-9.253308149154133133e+00
4.470943428633007977e-01
8.175524638972712310e+00
-5.853730543562472022e-01
-3.456158725087908890e-01
8.028003029993627138e+00
1.959750913063934163e+01
1.493182127982182017e+01
2.172341045199738829e+01
2.050776035027480049e+01
1.113121205859307139e+01
1.125697222123683439e+01
-8.209498334065308711e+00
-5.603129810647417663e+00
-1.110153404996136040e+01
-1.539637983863600290e+01
-5.589039552899646424e+01
1.379377296869670744e+01
1.389543914102090838e+01
1.148713858030676604e+01
-6.919578588378885620e+00
1.295811933558611884e+01
3.764550803830468340e+01
-1.102955678310720167e+01
-1.723271674242904083e+01
-2.174161998661896433e+01
-3.647339624978914685e+01
-3.179282112275518557e+01
-2.862254998158407915e+01
-3.033219944876186247e+01
-3.367273433107363445e+01
-4.832746546898875550e+01
-5.201684993562743387e+01
-3.501555790300703563e+01
-2.685311536281167477e+01
-2.201873700125577571e+01
-1.911143098429176490e+01
-1.378588200072010927e+01
-1.108949533860324443e+01
-8.618168723669979769e+00
-3.977216591846072458e+00
-2.264408890912676497e+01
-3.868918341762505975e+01
-3.540610461899940020e+01
-2.464606996591049537e+01
-1.406178153005571119e+01
-1.741870977424380129e+01
-1.515117701229955216e+01
-1.255902170234291404e+01
-5.013523096984872041e+01
-4.704634556252132427e+01
-1.869829300145558904e+01
