# z [pc] 550myr: 
1.500000000000000000e+01
-6.914589143941150873e+00
1.072288258215047946e-01
4.525442802400227116e+00
8.284419175063627350e+00
1.022604127771690763e+01
1.659949901659284022e+00
6.324375927699072086e+00
-1.912535057428525143e+00
-6.816474878241777446e+00
-2.042535409882908048e+00
-5.712715581746986793e+00
-5.340839731397839074e+00
-2.146296251358625895e+00
-3.482724518628385280e+00
-2.928220412064422185e+00
-4.383035549870132108e+00
-5.070402319777587152e+00
-7.612551133771026990e+00
-1.022874014122090180e+01
-1.038427012651585635e+01
-2.944314031595618442e+00
-4.453695523989810390e+00
-6.372313985433533112e+00
-4.649445363227805217e+00
1.359938610738952169e+00
7.156957780045388517e+00
5.668710652376312886e+00
1.657761841785251100e+00
3.943911729424288914e+00
-1.847828212621043464e+00
2.226451054294986687e+00
-7.192794886740970561e+00
-1.592651914787287737e+00
1.601013444090111371e+00
3.602232566080573739e-01
2.522787111648223224e+00
-2.933445867709370478e-02
-1.594474623337856389e+00
-5.085346875742496664e+00
-8.563891083125993120e+00
-1.005975660202839883e+01
-7.604366867608922220e+00
-3.278263900221026095e+00
5.698432019256167713e+00
8.054467215442498329e+00
9.753143269936920490e+00
2.136009476803819584e+00
-2.694116151565290052e-01
-1.399122388163868713e+01
-3.355548674558155864e-01
7.244286732850285127e+00
4.527874665564270096e+00
6.661114863549215670e+00
7.783008118953095078e+00
3.798965057616788599e+00
-4.243038192191875169e+00
-1.888164423430220840e+00
-2.433716542183855580e+00
-4.812154377012439532e+00
-5.992697188498707916e+00
-1.901907987035811320e-01
2.912370181177780015e+00
-1.597602745174627792e+01
-1.271602986593081575e+01
-1.178267883192651588e+01
-1.408528559137048575e+01
-1.575724230829027483e+01
-1.176555508693805230e+01
1.210197354142509241e+01
-8.548991023856640226e+00
-2.563611441426618143e+01
-3.349014345552667038e+01
-2.806281163684198887e+01
-2.669247227393515232e+01
-3.972888633812857506e+01
-4.043700707604696021e+01
-4.149186915392532171e+01
-4.999507389013620440e+01
-4.269749128635689317e+01
-3.621519036642157374e+01
-2.945365003266842763e+01
-2.191380566611831426e+01
-1.554805592742185638e+01
-2.625174465995731055e+01
-2.931770881876913393e+01
-3.600837035543105458e+01
-3.493580994560132069e+01
-4.083592487810906846e+01
-3.953124992042056363e+01
-3.755864613242450645e+01
-4.329490799825206437e+01
-2.660250845741732562e+01
-3.403246204682432818e+01
-5.393799216720006839e+00
9.259380240846564192e-01
4.992690906988368482e+00
9.081413157304263351e+00
9.205741342081790179e+00
5.252838945739743082e+00
6.920738115950940461e+00
-3.287719922864125177e+00
-7.602141311502219168e+00
-1.134874098766163186e+00
-6.316953956540371173e+00
-4.010451724920041983e+00
-2.033148119787898001e+00
-4.211699172719804984e+00
-2.993762728870533074e+00
-4.081338194031548738e+00
-5.233076672334314061e+00
-8.317046818257352925e+00
-1.051477754939845077e+01
-1.049237469132881628e+01
-3.120506429875613552e+00
-4.587389240845822336e+00
-5.805569547406649988e+00
-3.277726910574745744e+00
3.658340132300173408e+00
7.136429416094190792e+00
6.268229898711680015e+00
4.929738796943538226e+00
4.289914868101880607e+00
1.131125758765431977e+00
2.029669718532972400e+00
-2.085994440989484833e+00
-6.588461828807568033e-01
1.400106989246810318e+00
-5.617139313816550406e-01
1.648231269420516121e+00
2.864558797542932633e-01
-2.043650044939132826e+00
-6.017292966148803934e+00
-8.894906627950579292e+00
-1.001687483141865798e+01
-6.196086210818208428e+00
-2.002998614166612956e+00
3.028739036766749493e+00
8.454964403739856138e+00
9.753051442078227495e+00
-3.126029709609138507e+00
-1.483057643985174368e+00
-1.579284694799706656e+01
1.810984035692188465e+00
6.540813276714279922e+00
6.166479315848043541e+00
4.700428772220711870e+00
1.644126130655417573e+00
5.744871429146456876e+00
-4.897092947538953744e+00
-2.237301740911467718e+00
-4.867432187075536376e+00
-6.540981623267021483e+00
-6.646713128599905929e+00
2.346395052949963311e+00
2.915148099515177726e+00
-1.517861136719827542e+01
-1.250038201639666546e+01
-1.261168132223115101e+01
-1.466502602367033958e+01
-1.558167531968153163e+01
-3.326496307428799426e+00
1.334330933903880734e+01
-1.241518352483193333e+01
-2.858232061746417685e+01
-3.152405041072960046e+01
-2.880155407035650228e+01
-2.272134166758051421e+01
-3.878516482761352790e+01
-4.155956156057884954e+01
-4.383106269828260082e+01
-4.794732468528595604e+01
-4.247479455130903858e+01
-3.581590272416963217e+01
-2.797964535929160590e+01
-2.063298572807051556e+01
-2.598574964619061234e+01
-2.662051048871776615e+01
-2.755791853756173637e+01
-3.555015378391949810e+01
-3.649083798561933634e+01
-4.138245860223579342e+01
-3.907369689482348463e+01
-3.567896248340836962e+01
-3.265599487216903185e+01
-2.443251795045243568e+01
-3.344551140278087331e+01
-3.905912438805708486e+00
1.840168454476673876e+00
7.535778608595262718e+00
9.433426908317242621e+00
5.773267900879518244e+00
-1.120237571749704664e+01
3.343772367188198480e+00
2.180832756510723947e+00
-4.102281273834694098e+00
9.893864413590689466e+00
-7.664560646783013631e+00
-3.415494896949672121e+00
-2.222945153065175816e+00
-3.721333322366474405e+00
-4.271886767376950722e+00
-3.845991527595503889e+00
-5.490740156803315841e+00
-8.602616148336890589e+00
-1.013244474952835716e+01
-9.491113888123985376e+00
-6.430364187770102546e+00
-5.074240736943012031e+00
-4.758502834687641680e+00
-3.144893043395677434e+00
5.332042119133198810e+00
5.860634147786312198e+00
7.024970680862740124e+00
2.974652711655621395e+00
1.207778931016190382e+00
-2.122416103181212765e+00
1.939468410877740912e+00
-4.655728016498420274e+00
8.228970200722547368e-01
1.580654900913092575e+00
5.285664972000546635e-01
-1.924979319186992666e-01
1.539293199526558242e-01
-2.768967036962126205e+00
-6.977644736251104263e+00
-9.664755703737993642e+00
-9.958413428450029414e+00
-3.804431001161094006e+00
3.745500356134320308e-01
6.649520356760450390e+00
6.547167978514258024e+00
7.332778620519503576e+00
-7.153840687703763024e+00
-1.239100038453145203e+00
2.623305910461135593e-01
1.590084479929217087e+00
1.447701700096296840e+00
4.806412030343368613e+00
6.896179289842741866e+00
6.232672161766748431e+00
3.628816844778057771e+00
2.122191175983612510e+00
-3.317410401336256864e+00
-3.913674559347306570e+00
-7.264400631518483031e+00
-5.870281557485280466e+00
3.213062265871437617e+00
2.643157084682443259e+00
-1.441189457665281992e+01
-1.235431740488615127e+01
-1.282268612935216190e+01
-1.544568415041513454e+01
-1.503318096621883093e+01
-1.296939454102632672e+00
3.446293435238776959e-01
-1.900834819054998448e+01
-2.966214703624234872e+01
-2.942925163169134350e+01
-2.904287763138501788e+01
-1.520161353679404748e+01
-3.877138071018630683e+01
-4.181418242351994508e+01
-4.435010900161523750e+01
-4.719917143567124640e+01
-4.285879058778292006e+01
-3.497518101206861019e+01
-2.629043120126016575e+01
-1.924918866050279576e+01
-2.467373797564141213e+01
-2.439636415272181580e+01
-3.060783309480066450e+01
-3.212375742678131019e+01
-3.790452163767772475e+01
-4.080260916392668946e+01
-4.018970376647761356e+01
-3.433115198957602843e+01
-2.853838687168100208e+01
-2.549427488267167163e+01
-3.248763767543287884e+01
-1.516469888796978083e+00
3.101813747327211157e+00
7.849639977462492091e+00
1.218581714371991964e+01
1.616706119267492525e+01
7.500935205655502536e+00
8.232632510271018944e+00
-6.757894237987378538e+00
-3.475479821881340747e+00
8.824109195296804486e+00
-3.536750752361097039e+00
-3.061114369014313663e+00
-2.410521998372137098e+00
-3.259329752800932400e+00
-4.278127722270460787e+00
-4.529992095316027090e+00
-6.026202186576678166e+00
-9.394687463673877303e+00
-1.065657440899948760e+01
-9.242652405173114261e+00
-6.692522671159646386e+00
-1.280227241269865202e+00
-5.996106522570917363e+00
-1.684688429019532752e+00
6.735663358227368391e+00
4.329149490434349268e+00
6.667697260343581789e+00
5.913462145031104455e+00
-5.560141201144674222e-02
-3.280059937348342114e+00
1.194884598711796420e+00
-5.392474738764896358e+00
1.852484769560340139e+00
1.100810930934188692e+00
1.569230297421749576e+00
-2.028560818302506119e-01
-1.095615972947606043e+00
-3.699640690004109889e+00
-9.464066140543009098e+00
-1.003814688067714123e+01
-9.828553338688472252e+00
-4.745488650578623790e+00
3.145149310895344108e+00
2.137170563335661466e+00
1.091302218534938717e+01
9.676417363014067519e+00
-8.977556058538258554e+00
8.851041145291040024e+00
3.191048742992601106e+00
2.695327308111521436e+00
-8.393661824463981347e+00
5.462677074382263243e+00
3.105496775321750391e+00
-8.754550450226270542e-01
3.481954640951915536e+00
-5.121358551790047287e+00
-4.161210250786484544e+00
-4.320627849423633648e+00
-7.089183750244781201e+00
-3.962613862180616398e+00
4.418263558112687228e+00
2.670895494606035037e+00
-1.392873199920259886e+01
-1.252781931527155024e+01
-1.378674344222064896e+01
-1.618589122413647630e+01
-1.997886396327898240e+01
-8.485398417202157262e+00
-1.782765920049130370e+00
-2.091569224621408196e+01
-3.074322316928401477e+01
-2.987128351990342523e+01
-2.929660706326649233e+01
-2.741138765722582349e+01
-3.876039617763515821e+01
-4.279503049387705005e+01
-3.399311227388403012e+01
-4.435426674265455915e+01
-3.937914569281296906e+01
-3.234637595251015796e+01
-2.459358883916322114e+01
-1.800666469084421450e+01
-2.561242898901361187e+01
-2.923691364746430565e+01
-3.386317047345630726e+01
-3.181560353162830168e+01
-3.889655074507291488e+01
-4.086004879546972290e+01
-3.977636341906583084e+01
-3.333410381743068740e+01
-2.714728028112170222e+01
-2.492886156041775791e+01
-3.385821088412900792e+01
-1.092212911744404158e+00
2.339439975089953716e+00
7.991695062414468254e+00
9.879156402827003802e+00
7.762954442548187117e+00
2.565208365289870063e+00
1.661476691436030162e+00
-4.758947527164309577e+00
-2.706816215976048490e+00
-5.063628041432313154e-01
-6.250880613727997748e+00
-2.471035921521244738e+00
-3.033962231843047697e+00
-2.741771051966760631e+00
-4.347100515705161428e+00
-4.791728543073841884e+00
-6.707853514743387535e+00
-9.817300121189845186e+00
-1.083268270611232253e+01
-8.799584929049512283e+00
-2.984112470448651244e+00
-3.406503521091407194e+00
-7.706837904337364265e+00
-5.552845822261065489e-01
6.809015785166544710e+00
5.182415304233628284e+00
3.487262495709935184e+00
4.820321771450554849e+00
-4.163341541223930520e+00
-3.928092593670578392e+00
2.189385231793274045e+00
-2.450249685216236983e+00
1.170995234236020144e+00
1.736568316354648145e+00
1.124446098406850503e+00
-3.439233604934612831e-01
-1.492411727494469931e+00
-4.197026756326551755e+00
-8.028536462951933572e+00
-1.013673869365718083e+01
-8.726539213354730151e+00
-4.299996502913924878e+00
4.368793400225349899e+00
7.957727964970708889e+00
9.788009452083112905e+00
8.158009643897981888e+00
2.056105372670226750e+00
-1.640649272774956913e+01
1.542806877400008991e+00
1.039100234065377037e+01
-5.177356705245100166e+00
5.801388810797437401e+00
1.786375739549607600e+00
-3.258226449956591164e+00
-3.115843158900403864e+00
-5.773294448618515595e+00
-7.285334852318610999e+00
-4.821303087408825405e+00
-6.178749401387655382e+00
-2.524300991827037155e+00
3.815948715852691464e+00
3.319568135757551275e+00
-1.321994487490461445e+01
-1.215536802915229586e+01
-1.370675010631564739e+01
-1.653252288426818595e+01
-1.536659540271909563e+01
7.799276411827344546e+00
-3.309749884499162853e+00
-2.252597681933601947e+01
-3.081607996938073057e+01
-2.958906568763840639e+01
-2.838366109485346200e+01
-3.963963216746410723e+01
-3.898322960366428447e+01
-4.408364279916495576e+01
-4.351232513914874289e+01
-4.363380000572563233e+01
-3.556388512187893980e+01
-3.116965671980275232e+01
-2.330610794048136825e+01
-1.693331292207865957e+01
-2.544712328236202481e+01
-2.944616684710553756e+01
-3.438032314384743415e+01
-3.263966060775284461e+01
-3.961268835118169562e+01
-4.045177297996012555e+01
-3.811988162254773727e+01
-3.037088456343845522e+01
-2.862862278501652114e+01
-2.327392426652472324e+01
-3.482456267482313450e+01
-9.280323532589385138e+00
-2.428013967195028933e+00
4.316006067219070985e+00
7.282533787878833209e+00
1.342990262611571417e+01
1.678300862637570745e+01
7.032861640478150100e+00
1.128056854583482149e+01
-8.677385753796601264e+00
-1.611385340313053138e+00
1.807017432329835138e+00
-2.988518816665405531e+00
-1.948032200558346805e+00
-9.983826461121346751e-01
-2.059396904373287818e+00
-2.840419052187570070e+00
-3.986721480839395593e+00
-6.652809587297747740e+00
-9.665618633492877976e+00
-1.110035093388419192e+01
-5.149432500330177298e+00
-9.360967167664274724e-01
-5.450294667597143317e+00
-6.842307836701607471e+00
-2.945501375745418038e+00
3.059254096419586677e+00
2.301905281291438232e+00
6.576351614814710089e+00
5.444571845483065609e+00
2.787326199856285491e+00
1.413169481843194575e+00
-1.393541006160127660e+00
-2.573380029581976203e+00
3.307766852721901074e+00
3.129508232767974185e+00
2.479328930463860825e+00
1.403090437630613696e+00
-5.826383405790367398e-01
-4.227591382909463569e+00
-9.202894663958639754e+00
-1.053012146760511314e+01
-9.843821417107866623e+00
-5.065485454648357866e+00
4.685748837932298905e+00
6.396066230075154735e+00
1.094392108964203736e+01
5.838533121369345658e+00
-6.140214313330353946e+00
1.035355246455610612e+01
3.535469412090852082e+00
-9.758571621105499583e-01
-1.469710678910942203e+00
4.494728448295870038e+00
4.381029196760260369e+00
-9.567124924523132679e-01
-9.316290187276171864e+00
1.485147304714537597e+00
-5.450334756053561769e+00
-5.383757528939645987e+00
-9.412506554080742660e+00
-5.013681252249926779e+00
2.281993628584300104e+00
-1.572841666327623322e+01
-1.242211757643740455e+01
-1.169866052211169283e+01
-1.371807115664077514e+01
-1.478248643424404030e+01
-1.946380362426112853e+01
1.159210742874891009e+00
-7.389270894620269203e+00
-2.466417712871304957e+01
-2.978394089770243269e+01
-3.080204572815628694e+01
-3.123098623310009714e+01
-3.283865651094567539e+01
-3.849718462065816738e+01
-4.370198678606713827e+01
-4.334192491316393614e+01
-4.309232846574781206e+01
-3.805878194246970736e+01
-2.956934244190578553e+01
-2.171305110251413240e+01
-2.454100106339958742e+01
-2.193141818570294177e+01
-3.102875983879481225e+01
-3.447610413133069329e+01
-3.433942687877081568e+01
-4.035989753425234028e+01
-4.401766808995014912e+01
-3.724111339203597737e+01
-2.955194206063056939e+01
-2.568954503273839762e+01
-2.833658404053049296e+01
-9.373396114366313370e+00
-3.309207303608908024e+00
4.079378395828387127e+00
7.420155557548506309e+00
1.118288035802504865e+01
8.386819181099427922e+00
4.140942750787869109e+00
4.296779710363064275e+00
-7.526061066734992977e+00
-2.984264916101492804e-01
-2.312516349762030909e+00
-6.106582282803689310e+00
8.642028248159064341e-02
-1.519201812574231036e+00
-1.971312616831063957e+00
-2.870250354700947693e+00
-4.085136282200910074e+00
-7.368263922826712609e+00
-1.017431206547365541e+01
-1.129991270018272509e+01
-3.257358304100623769e+00
-5.024199029844398368e+00
-4.056936580807607662e+00
-8.620253130591059687e+00
1.063774500003838858e-01
3.176435463351505284e+00
5.160720818690837319e+00
3.450634462486615206e+00
3.692453219714389334e+00
-2.943336944880635908e+00
2.124269711801375582e+00
-8.910643275798561191e+00
8.381733851701146654e-02
3.278046493972523567e+00
2.060658034495538971e+00
2.701639823440379562e+00
1.349626574567807102e+00
-8.445591680880514263e-01
-4.841207244992760117e+00
-8.456879211006233632e+00
-1.066111528888619198e+01
-8.430269056072626555e+00
-2.299215716654724240e+00
4.947908482303221334e+00
7.131021797528828365e+00
1.031280786410095907e+01
1.082590334164579637e+01
2.478447565256336471e+00
-1.721387986483521360e+01
2.602924234376761792e+00
8.627334814337498159e+00
-1.092151642211872442e+00
6.702607205925460221e+00
2.430570446401005835e+00
-2.351552813663251751e+00
-4.122700970541062659e+00
7.982451376449635205e+00
-4.054260786024237895e+00
-5.475821692652951711e+00
-8.023655747769117497e+00
-5.519616220262658857e+00
2.761029689761528072e+00
-1.479578219111150794e+01
-1.186337223187923051e+01
-1.262289645643751967e+01
-1.397593771910295857e+01
-1.578326505805955904e+01
-9.271783232106386663e+00
1.259723804767826572e+01
-1.034982079176140601e+01
-2.592580116424959158e+01
-3.119793731315213847e+01
-2.929122254519637991e+01
-3.040998488552813939e+01
-3.502040576990030729e+01
-3.989222422793041289e+01
-4.416594071595857685e+01
-4.460366022379107420e+01
-4.174260594794078116e+01
-3.648914768695803446e+01
-2.827712822212420818e+01
-2.056206921526840148e+01
-2.066851724987532180e+01
-2.833669251798565369e+01
-2.809618495899552926e+01
-3.497694206503069125e+01
-3.381983320611305999e+01
-4.147825017775698342e+01
-4.179214485135631918e+01
-3.582312490143476680e+01
-2.975595174115313313e+01
-2.549794780648226933e+01
-3.472405772568608739e+01
-6.597621189583681378e+00
-1.488184450635561484e+00
5.811569703794160269e+00
8.586308194507948244e+00
1.153478982444607759e+01
3.861507729102219066e+00
7.443365452725427822e+00
-1.759289252252403069e+00
-7.942955896283811157e+00
-1.239407641563238904e+00
-8.926070131567932719e+00
-3.965945641036654035e+00
-7.261353432382959827e-01
-2.479831914399062143e+00
-2.094646395153476170e+00
-2.699528419365813114e+00
-4.653002217788969830e+00
-8.244973959518002715e+00
-1.077803922453219876e+01
-1.086901412520054322e+01
-3.138724775639835762e+00
-4.503666120969744391e+00
-7.462799646080467753e+00
-6.239634660872432015e+00
1.824179484044143429e+00
3.347071417694639006e+00
6.225653556403612399e+00
1.197030030041392967e+00
2.660254471690205236e+00
4.568270773758888126e+00
2.060934673767467640e+00
-5.722619735475702463e+00
3.028029931835404809e-01
3.447090303023802704e+00
2.064015615441524343e+00
1.660296632405318773e+00
1.720548068552546939e+00
-1.314308424506275719e+00
-5.717041172795495285e+00
-8.969547727924350511e+00
-1.044507242688753301e+01
-6.739088590137381374e+00
4.315942250352329257e-01
4.388358242566691381e+00
7.608569450459763850e+00
1.063548801894472895e+01
4.529171436876129775e+00
-3.703624293663183575e-01
-1.480813401751381697e+01
3.941312562722618096e-02
1.013792468076152531e+01
3.083518353581817251e-01
8.808629368680824356e+00
9.542594222682659222e+00
3.892301788941548324e+00
-7.027806739019517579e+00
1.302848630284715536e+00
-3.736199810453383119e+00
-5.586766340072456316e+00
-7.856280764075708412e+00
-5.023851730866097043e+00
2.642397742327721843e+00
-1.400182121356286657e+01
-1.151743280365453792e+01
-1.180321872489581914e+01
-1.385355174722122662e+01
-1.384569196170591177e+01
-7.350869189041471241e-01
1.233121225937177989e+01
-1.465931085964432690e+01
-2.871168337103929247e+01
-1.799250218523129163e+01
-2.862775354192046251e+01
-3.070204691973493283e+01
-3.619245655592064992e+01
-4.091545682572733256e+01
-4.492763439691788108e+01
-4.609412919747628479e+01
-4.018525505108610218e+01
-3.471361176373934398e+01
-2.673666551858874385e+01
-1.929634060335138201e+01
-2.528145126226980821e+01
-2.632484046639255837e+01
-2.803006446827515674e+01
-3.584722542399848777e+01
-3.636478041376440729e+01
-4.263193395942392527e+01
-4.036179764763924993e+01
-3.451376509758596001e+01
-3.328473631109925179e+01
-2.352077573833165758e+01
-3.455089968119883537e+01
-4.451616663244053029e+00
1.618703235528251572e-01
6.236524696131342971e+00
9.143563965150383055e+00
1.184414335223044645e+01
6.005349669923066180e+00
9.035449613031254046e+00
-5.298925525183268093e+00
-8.611272030343741335e+00
4.802933210154986199e+00
-4.156637226841690236e+00
-2.575363041385906993e+00
-5.952767162577015103e-01
-2.040098104806129076e+00
-2.354067417236913151e+00
-3.440990057601036156e+00
-5.219419926093226358e+00
-8.834171954472950006e+00
-1.081958481931378557e+01
-8.660481832042940198e+00
-4.015329050161255964e+00
-3.693667845770661984e+00
-6.732825046239729438e+00
-3.929278935563475628e+00
3.205043350353455445e+00
3.729000269848471660e+00
7.383666410973499517e+00
4.698721557326419607e+00
1.602186124038627479e+00
-3.457673496261743917e+00
1.811145879895008415e+00
-3.124626578242199137e+00
1.350187943224637310e+00
2.811080063911339355e+00
2.284155985818261403e+00
1.681196350738180412e+00
6.076545451664667752e-01
-1.998488190099348971e+00
-6.539681700059762015e+00
-9.375396462255071839e+00
-1.022745836880303294e+01
-6.370328004743318395e+00
1.658184864233347655e+00
4.341125520892278544e+00
8.232970311456728751e+00
1.099215897631916050e+01
-2.150669636775632387e+00
-2.803811501062042577e+00
-1.632418226107781578e+01
4.001283063850611943e-01
2.954930410315493639e+00
3.092318344722059020e+00
6.446220060660235340e+00
2.897020105309658256e+00
4.182692988918877752e+00
-5.265341591214675709e+00
-4.013233231715869209e+00
-1.650584211119880074e+00
-7.403802432245688792e+00
-6.773203898599131634e+00
-4.036489007844168420e+00
3.004154803608592772e+00
-1.336009348814810949e+01
-1.147170445236055158e+01
-1.218464586245080739e+01
-1.435172812667164699e+01
-1.253529987278935209e+01
6.351519741186800516e+00
6.907688151531358400e+00
-1.771776655445411919e+01
-2.998645615784857199e+01
-2.929845894385291771e+01
-2.956585231168383743e+01
-2.990578895932663173e+01
-3.700169130019993702e+01
-4.203401582015052895e+01
-4.541368835289793537e+01
-4.539198659994701046e+01
-4.334816740136482593e+01
-3.446065432064679612e+01
-2.520709455116010744e+01
-1.812016812843516078e+01
-2.900771898547305838e+01
-2.662373218209896564e+01
-2.879585376694241461e+01
-3.387798182957750726e+01
-3.797230810000039725e+01
-4.164198499731988790e+01
-4.188107701258126525e+01
-3.275448857212313669e+01
-2.905037774412440044e+01
-2.478575144166500266e+01
-3.367411581676257981e+01
-3.755151048403312153e+00
2.744049088349656440e+00
6.990813401953693607e+00
9.658335523284089064e+00
5.107950380974620508e+00
-5.216420878137390638e+00
-5.739628133982462188e+00
1.464520091320352213e+00
-4.848039831905572861e+00
7.884401181422528104e+00
-5.689827973978577091e+00
-1.802619690915382433e+00
-7.338890813938648838e-01
-2.011901509034994096e+00
-2.620481851941898199e+00
-3.771852605352799870e+00
-5.889912382049368844e+00
-9.096455546548101623e+00
-1.044356473062423163e+01
-9.716405661050142584e+00
-2.069961464321650624e+00
-5.806520806090214037e+00
-5.332303725544035977e+00
-5.181044839304838945e+00
2.793959788961014379e+00
3.411171852039991848e+00
7.044776726624494501e+00
3.182187229463016909e+00
4.395976677272002142e+00
4.928191509828341310e+00
1.902153356333335932e+00
-4.678474557586301152e+00
3.312930669931082317e+00
3.193144737037017400e+00
2.392786908158346382e+00
1.545310846392451642e+00
-7.694448291323661981e-02
-3.072866897948816955e+00
-7.457411493545063053e+00
-1.023531549602019197e+01
-9.931201131346517386e+00
-3.085900915060651339e+00
2.440090028811808587e+00
5.625260498147421906e+00
1.934743439473397775e+00
-3.281273045417155032e+00
-3.298472017061610639e+00
-5.159452165446905880e+00
2.345789416289041363e-01
5.761559465354004317e+00
-4.708242902893738702e+00
4.086677417642218479e+00
7.669849528147747009e+00
5.488358049004125938e+00
2.706743029314853111e+00
3.471540340082387655e+00
-2.901391291725406774e+00
-4.467038150199273083e+00
-6.728924495209895440e+00
-7.910427465981855200e+00
-2.885865431659837999e+00
2.993293394028105237e+00
-1.261668572901318441e+01
-1.124599826875173036e+01
-1.236712344558198495e+01
-1.496352925686190538e+01
-1.835933003692208132e+01
1.303827278311351456e+01
-4.800255426090561883e+00
-2.290786900436298268e+01
-2.951274153449434579e+01
-2.203088735274921461e+01
-3.010297783646594638e+01
-3.112091724494526446e+01
-3.741872326422249273e+01
-4.292727198527597210e+01
-4.493787945043717258e+01
-4.445802820011365242e+01
-4.010937191255629841e+01
-3.129555538949109916e+01
-2.346387430626239734e+01
-1.677991490821723630e+01
-2.513925929426943995e+01
-2.291229265278731475e+01
-3.206490181423521335e+01
-3.323491572038308561e+01
-3.916813043599465516e+01
-4.293797490023978014e+01
-3.980813540052354682e+01
-3.306101861834908817e+01
-2.669749146026983055e+01
-2.480746278324206244e+01
-3.217172248310998128e+01
-1.057393607064039109e+01
-5.309115726838919969e+00
2.065449972547586555e+00
5.406375243498704464e+00
8.996516498163522613e+00
1.359688288252026034e+01
7.418837412689530453e+00
9.471575734849915662e+00
-5.557468103852309049e+00
-9.357975047011045433e+00
9.316942409806376446e+00
-4.376387822740343658e+00
-9.125430992252215878e-01
7.502974814135832116e-01
-9.050853259429075814e-01
-9.273778675125919913e-01
-2.864490823185016577e+00
-5.658653140048245156e+00
-9.031810632267260885e+00
-1.105675355982351782e+01
-4.152733991558320348e+00
-6.820968538834239148e+00
-4.722741525598713963e+00
-6.063116217769556116e+00
-6.971485049469925421e+00
-3.152573331444254556e+00
4.223550037060128659e+00
7.619897042260591391e+00
8.057621994445739233e+00
1.707211997889327426e+00
1.369018252870590313e+00
-3.035279579023965280e+00
-4.354761949516471553e+00
3.249885730784843219e+00
4.649940994570516573e+00
3.583348462174226423e+00
3.256459977605686618e+00
1.066781944401338444e+00
-2.474662384273842886e+00
-6.881721495645418685e+00
-9.814887885649428156e+00
-1.026952303810210410e+01
-4.252612254534974490e+00
-1.495744447258013921e-01
4.229509118234894949e+00
8.397154041639238287e+00
1.213143406872972108e+01
2.367432981039600204e+00
-7.615278737579305179e+00
2.170337217350954973e+00
1.460355745083008194e-01
-5.699255884128556993e+00
2.454629056031643053e+00
6.426788436261654525e+00
4.409976369471189983e+00
3.027028881599078680e+00
-5.401516129592184967e+00
-3.084459866716745768e+00
-2.949169240544320836e+00
-8.512405558864731603e+00
-8.765783033519992884e+00
2.960223566592593780e+00
-1.571320033939191774e+01
-1.166298115847589045e+01
-1.055252190121018430e+01
-1.176463687691642512e+01
-1.447145268154268116e+01
-6.324175672260970771e+00
2.297357293320486349e+01
-3.159271901379785863e+00
-2.257145075809193102e+01
-2.915928586416455204e+01
-2.753637199559364745e+01
-2.993811333046144441e+01
-3.241076695386269080e+01
-3.674157263701996357e+01
-4.355633566440187820e+01
-4.723529567953720942e+01
-4.384474386379364574e+01
-3.982769673701096025e+01
-3.042579163884125393e+01
-2.225045995201150362e+01
-2.528448272973725963e+01
-2.594421196894639081e+01
-2.521427055195384881e+01
-3.110275216750493499e+01
-3.325002087661006556e+01
-3.910271884948819121e+01
-4.200477328565163759e+01
-3.926087866424197870e+01
-3.287227861085367664e+01
-2.603836898066372996e+01
-3.401781049415205871e+01
-9.467216857681792774e+00
-3.671926836282691564e+00
3.517133933587199834e+00
6.248249575912037557e+00
1.019845251295767241e+01
6.656518837656174803e+00
-8.860652873726657219e+00
-5.490132562021949880e+00
1.494068697840138071e+00
-4.686947864507683192e+00
-4.812682142279951059e+00
-1.274203593330373918e+00
-2.323457337257635313e-01
5.972382533334260613e-01
-1.229602899441830655e+00
-1.125469001427647830e+00
-3.227486203627038197e+00
-6.537297471004856142e+00
-9.688174866254337658e+00
-1.124904970209020405e+01
-5.970277329085542206e+00
-6.230705489703392885e+00
-6.052962336336708660e+00
-7.161702637744906674e+00
-5.621438916849969658e+00
-1.800897257669950235e+00
4.959117075517496254e+00
8.427505588515865398e+00
2.215526416608585514e+00
6.208884629161548929e+00
2.428802524128564233e+00
-6.639880624974671797e+00
-8.335404356432049022e-01
3.558435727341619614e+00
4.521939931550373437e+00
3.285615279191631544e+00
2.962490295370923121e+00
4.132774807932310668e-01
-3.564576256654101716e+00
-7.284668259099982279e+00
-1.051785753003938417e+01
-1.289117460701797491e+01
-2.991329046849844797e+00
1.971104340058651205e+00
4.958425063472120975e+00
9.274621730943971798e+00
1.133768891319015992e+01
-7.400632033337262605e+00
-1.196912909315626550e+01
3.045689108718686811e+00
-1.175399844602777355e+00
-4.426425499304875721e+00
3.842953413825757281e+00
9.065388329510691179e+00
7.570851672495938267e+00
3.956549454630887475e+00
-2.620513092152718215e+00
-1.379752733832366740e+00
-5.177195207811447375e+00
-1.289116696279438834e+01
-8.830977503576866283e+00
3.324024428902321304e+00
-1.453408748767603242e+01
-1.085238921372257082e+01
-1.047454337645370082e+01
-1.225404670357861825e+01
-1.508012481579306474e+01
-6.383068281356730544e+00
7.141778756961233654e+00
-1.541659182081118651e+01
-2.796864543144382154e+01
-2.813670403684358945e+01
-2.558798769088783587e+01
-3.127101370398914071e+01
-3.374370541306224425e+01
-3.813206838827837686e+01
-4.454362686751674971e+01
-4.644380654418542065e+01
-4.283425525996777594e+01
-3.737096857257053983e+01
-2.871864252166757936e+01
-2.072026037133559484e+01
-2.430763378182444612e+01
-2.519792994430970268e+01
-2.560974430745459784e+01
-3.334173219856278791e+01
-3.464576455832905566e+01
-4.026831425232049355e+01
-4.134835833992296728e+01
-3.666916212545067566e+01
-3.024322813157425571e+01
-2.669784148426848347e+01
-3.282965600404583739e+01
-9.031427332402067520e+00
-3.422011885944876042e+00
4.546016465456220956e+00
6.369157772401766060e+00
8.929611480644021881e+00
1.637708510256578975e+01
1.613313653343070087e+01
1.402172883816812643e+01
-9.790085707448019647e+00
2.344488870627162991e-01
-2.619825848320561090e-01
-4.998016255322188961e+00
1.148756191226957712e+00
5.111886076533791318e-02
-1.150482209683130197e+00
-1.679130192059854920e+00
-3.487152748737654573e+00
-7.041585964564877287e+00
-1.000470706542401800e+01
-1.154730299788514891e+01
-4.076300639654923508e+00
-1.698428638726410700e+00
-3.385014136358253545e+00
-8.194104581057034764e+00
-3.054465473154677202e+00
-9.591297801237536058e-01
4.233906414885859171e+00
4.132098752366095695e+00
5.985687094103179895e+00
-1.608036610752653806e+00
1.554174111804067060e+00
-9.251800072081604043e+00
-2.361376528481906156e+00
4.296775810964490461e+00
4.363724653273501453e+00
3.468173293953444869e+00
2.563924940012138887e+00
-1.300141714020444927e-01
-4.638658913992787625e+00
-9.048401420520798766e+00
-1.091834705768231828e+01
-9.786829773178817860e+00
-4.646178697150154413e+00
3.629213562913374602e+00
5.673513321824069422e+00
9.933184652617461197e+00
1.353701284659776327e+01
-3.194638184226726629e+00
-6.262810130818994736e+00
5.677336842180801035e+00
-7.426449148866086369e-02
-1.771739753896094838e+00
-1.205890824459652511e-01
4.122812422082477113e+00
-1.484440330806556352e+00
5.103510342130869404e+00
4.680599556098626657e+00
-6.367030214764432650e+00
-7.708124584308848171e+00
-1.082253102100702158e+01
-8.780239805301539135e+00
1.915390071334990285e+00
-1.370004873486037056e+01
-1.105858745714089331e+01
-1.116098074194592726e+01
-1.335316222051415380e+01
-1.645763231206247568e+01
-1.017012217193622803e+01
1.702596671685289209e+01
-1.279638419425921292e+01
-3.278060287239801340e+01
-2.947956805084294984e+01
-3.114343252629240411e+01
-3.182988870470769882e+01
-3.432976500823112076e+01
-3.933951348190278452e+01
-4.550325042704592704e+01
-4.582575755771996739e+01
-4.127327880289559658e+01
-3.541075143650350299e+01
-2.674097791768448218e+01
-1.916903806291670520e+01
-2.284182122735025899e+01
-2.581836838330755057e+01
-2.821988111353649487e+01
-3.241190516987368397e+01
-3.644150162622082689e+01
-4.124861861764839688e+01
-4.181690808383447688e+01
-3.517509435521121475e+01
-2.494245669788386266e+01
-2.517360809404221200e+01
-2.136849132327298051e+01
-8.136543616477350582e+00
-2.436700233795701109e+00
4.693813181159097070e+00
5.284078344525908300e+00
1.194248573617766951e+01
6.412329938424093712e+00
4.815823786400522444e+00
4.342215548165529349e+00
-1.070041710713107008e+01
7.097990283639211917e+00
2.129382535932320852e+00
-3.510484817440055139e+00
6.012316416604328584e-01
-5.930170294174766932e-01
-2.698103393057303401e-01
-2.166024250085081260e+00
-4.100078854973717490e+00
-7.848650295483126094e+00
-1.053677025695889213e+01
-1.163129728338796376e+01
-2.716457042900211949e+00
-5.700671407227473786e+00
-4.661689205518412038e+00
-9.420213536638605945e+00
-2.539380292407155792e+00
-8.936030888185499954e-01
6.100106036338331705e+00
4.586668712417783844e+00
1.933202695235479718e+00
-6.671712267253285589e+00
2.156049559746323840e+00
-9.698022732647153532e+00
1.764428954103402614e+00
4.660774346209825225e+00
3.892806852368985826e+00
3.731616737766614733e+00
1.884176179902537163e+00
-8.180215337481565596e-01
-5.415073475641247747e+00
-9.132227148084490764e+00
-1.093406025346350674e+01
-7.690009084788003157e+00
-3.890134513078691292e+00
3.505251161522764392e+00
6.458286445067097148e+00
1.088652021364360145e+01
1.491832557268674009e+01
2.413677423188383298e+00
-2.261569235597860583e+01
1.926582056501427775e+00
8.046421030182013823e+00
-2.907409884533969091e-01
6.553294876164835969e+00
4.865017261823497918e+00
8.336212009853449345e+00
-7.120311947724188961e+00
7.984651780031688517e+00
-2.055376492973998825e+00
-7.277074671197719447e+00
-9.213955023400112410e+00
-7.535936992923023325e+00
2.391227343595341726e+00
-1.280730201054405981e+01
-1.061922438409715674e+01
-1.114526169548166123e+01
-1.401977256035720565e+01
-1.420020653240379005e+01
6.512967652219637138e+00
8.352047942369138056e+00
-1.679865931206161633e+01
-2.781162932726614656e+01
-2.924030058279151234e+01
-2.373644218557284802e+01
-3.189780839577577254e+01
-3.506249113370966342e+01
-4.073065053692337756e+01
-4.666099172998195854e+01
-4.526811389430708488e+01
-3.777765242748206731e+01
-3.360714350562471253e+01
-2.539518724967853203e+01
-1.792724887186684768e+01
-2.437525239475694505e+01
-2.529937934613267458e+01
-2.827834966168435571e+01
-3.474187544847325881e+01
-3.560371076315399108e+01
-4.138674470230086655e+01
-4.128985661608557223e+01
-3.324566743458965590e+01
-3.059963870737911407e+01
-2.190219404484989241e+01
-3.505159602748386760e+01
-5.900622257446467955e+00
2.646581726755201092e-01
5.204590444693532270e+00
8.402502440492547464e+00
1.263702619912899294e+01
6.353739153478461965e+00
9.404827265082781551e+00
-1.491888087271592278e+00
-9.069062145222790861e+00
-5.646004513961399018e-01
-4.513004946246577553e+00
-1.989010774503372492e+00
6.901839837010034229e-01
-7.307055787086431664e-01
-6.540125420770055431e-01
-2.628439070366096253e+00
-4.962311782126897164e+00
-8.653830442715909399e+00
-1.166992537999563595e+01
-1.088479750670325075e+01
-5.559778953544307178e+00
-4.024279749923140415e+00
-9.014177029957419762e+00
-7.548977518612423054e+00
-2.982305470815898030e+00
2.380988184433146415e+00
6.972660766249958009e+00
3.024328267465421494e+00
3.788163909820698283e+00
-4.970501337239218387e+00
2.176834256888114272e+00
-7.388220301259980971e+00
3.147195511573483095e+00
3.233754052741369289e+00
3.603784788371006353e+00
3.518963361764298359e+00
1.428181031433857218e+00
-1.605010862798922799e+00
-6.128761825977053768e+00
-9.486075953312433029e+00
-1.068908551399360185e+01
-5.641918753897521732e+00
-2.160338901057002214e+00
3.854165384642966874e+00
7.142255644294484895e+00
1.166490368950638512e+01
5.889760319603407623e+00
-3.265515510865943494e+00
-1.128093125122505036e+01
7.324985935709071860e-02
8.133112492941654281e+00
1.229965840525455656e+00
1.142745750601901911e+01
3.698626856578274058e+00
3.851561281670701220e+00
-5.166496792973439334e+00
3.016530382543935573e+00
-5.244026376681467205e+00
-7.283108399515493936e+00
-9.650161774065542986e+00
-6.418874887268949614e+00
2.646863434328652342e+00
-1.202576536474488833e+01
-1.004744105205316806e+01
-1.219054367641964198e+01
-1.408601079043304694e+01
-1.088040757734614061e+01
1.916443421298106031e+01
1.625022849119483359e+00
-1.979522959112394531e+01
-3.020348549450556419e+01
-2.638868767760061118e+01
-2.944182455501121254e+01
-3.193818005686966899e+01
-3.584048562285137507e+01
-4.230143222378685408e+01
-4.739276092076939761e+01
-4.496956302749266854e+01
-4.454493371604240082e+01
-3.261523365011596098e+01
-2.380643389084663042e+01
-1.670393992257764992e+01
-2.564857809990613191e+01
-2.508967612852358542e+01
-2.667180711108109037e+01
-3.438933520540849287e+01
-3.798068730718592434e+01
-4.132389399498050864e+01
-4.134474490034175886e+01
-3.104065820822900790e+01
-2.807709644604146249e+01
-2.198068740698423795e+01
-3.471401622930526543e+01
