# x [pc] 550myr: 
1.500000000000000000e+01
2.675157751119392557e+01
1.251553008294606251e+01
7.590401028567578479e+00
-1.226041586667891004e+01
-2.509301315741954852e+01
-2.646182170121785049e+01
-3.602454548277279400e+01
-4.083321830327756885e+01
-3.397493989340002685e+01
-1.248817177593500283e+01
2.451166604345559819e+01
3.300433813613391010e+01
3.174520578964880357e+01
3.503042825544126515e+01
3.340649415192960703e+01
3.564727361050936594e+01
3.473603880304104052e+01
3.680348957543266408e+01
3.813456452557194609e+01
3.556161704250433786e+01
2.800924970888445387e+01
2.840121356706490374e+01
2.841050077503964033e+01
2.455970154140688422e+01
1.087646226093137969e+01
-1.255790836517999054e+00
8.721715526007435271e-01
-7.888099525504224552e+00
4.122781296705052334e+00
6.395823233556034992e+00
1.117185508056687304e+01
-3.199004388568058843e+01
-3.550720438665577205e+01
-3.272971334920850239e+01
-3.655254909409202213e+01
-3.610956526223559138e+01
-3.717622310626423854e+01
-3.504290914099529175e+01
-3.584471923901943313e+01
-3.591340090529661211e+01
-3.100830491281494616e+01
-2.116667564624210840e+01
-1.074819183851603555e+01
3.359646049460186745e+00
1.405464939461466045e+01
2.643002450089445077e+01
3.725494047809672082e+01
3.856824273545701232e+01
2.987954772173303297e+01
1.042756640233068488e+01
1.121550304469993797e+01
1.527745159204377146e+00
8.133842764641164180e+00
-5.438611515601525781e+00
-1.852463512220352548e+00
-2.526013863654146618e+01
3.154718240945356023e+00
-2.507188304134275114e+01
-2.046312248912134635e+01
-1.750749749059218630e+01
-5.755599367155979529e+00
-2.332783104171910704e+00
-1.793223334577806938e+01
-2.110325426615140643e+01
-1.009467717981834056e+01
2.176602001768790018e+01
2.697292838532278125e+01
2.458231560307956087e+01
2.024612901468415060e+01
1.912755267856334740e+01
1.810282616738810191e+01
1.841317461846374570e+01
1.601438308274467914e+01
1.381626753028015919e+01
6.252981892050226698e+00
4.140277967622135513e+00
-5.618523177363632826e+00
-1.263844046295280421e+01
-1.985659351395720762e+01
-1.537104375075448104e+01
-1.414692451751896840e+01
-1.595899396775431178e+01
-3.809038274642497868e+01
-4.382948938194778599e+00
-2.696952803369124574e+00
-2.657238996143059140e+00
-8.236320155415198130e+00
-9.593879619992614849e+00
-1.940362223518680906e+01
-2.923069008529022383e+01
-3.760906774081555426e+01
-4.400804794534698772e+01
-1.950121420267013050e+01
2.423920695863698782e+01
1.108958137968024360e+01
-3.584103790597812922e-01
-1.320813213868488667e+01
-2.642875086554463593e+01
-2.521577025578386966e+01
-2.885970766030827406e+01
-4.384235224647471085e+01
-2.929335387759545384e+01
4.370621782734665395e+00
3.134418608001950091e+01
3.245398091960645814e+01
3.239698368222792624e+01
3.607630145587347670e+01
3.356118847776907899e+01
3.502868664624933359e+01
3.461440954202273446e+01
3.734449122935357224e+01
3.795519443031418660e+01
3.445671946463480850e+01
2.910617755733029455e+01
2.915426021447103011e+01
2.688116982841776093e+01
2.240963931348072791e+01
7.054331087959591962e+00
-9.472545944111473437e-01
-4.108729505943188975e+00
-8.579118148794242060e+00
1.914615397875331126e+01
6.508939136826287886e+00
1.037282233996460334e+01
-3.588104382732434772e+01
-3.598297411961354442e+01
-3.362195202606790900e+01
-3.533703977696731613e+01
-3.541708056941568117e+01
-3.750998273924852811e+01
-3.519971414440350799e+01
-3.612151735378119355e+01
-3.566470603105382509e+01
-3.035608936920059975e+01
-1.864851468964697290e+01
-1.016391756632288157e+01
3.978786474912548776e+00
1.755779753408257449e+01
2.939236202892395866e+01
3.965168768493977325e+01
3.654787006545811323e+01
3.274012763545348292e+01
8.793561723899184557e+00
-3.535676060285771527e+00
2.809211205884983187e+00
4.257133989963083565e+00
3.695374830995734605e+00
2.581016538917161540e+00
-1.934305676880112301e+01
3.339745676608071090e+00
-2.701762992020092824e+01
-1.919245051077108144e+01
-1.787261400414094581e+01
-1.114319862029426317e-01
-2.557195920378261267e+00
-1.764213807203193696e+01
-1.997290854514674763e+01
-1.112470873945724925e+01
2.104141837130219272e+01
2.713722369312573690e+01
2.383202026851936850e+01
1.998942362416267926e+01
1.682249171256844988e+01
1.414374416190665684e+01
1.789540818897529562e+01
1.568277836613762943e+01
1.346408839125201773e+01
4.049960874869861449e+00
1.464275287533688630e+00
-5.279196476364574231e+00
-1.775109716062170051e+01
-1.862567421216526498e+01
-1.515984634962925703e+01
-1.429705317114633623e+01
-1.743327639239936033e+01
-1.842934972582974140e+01
3.113824122468921707e-01
-1.759410725653062668e+00
-8.794318875622641585e+00
-4.440469725287868208e+00
-8.332170251249324977e+00
-1.633404641031672710e+01
-3.230891669128165944e+01
-3.369605861517962353e+01
-4.514013824295714983e+01
-2.117490123366993160e+01
2.009699437437106440e+01
9.278482292636338613e+00
-5.309399788347954008e+00
-1.678045001862592045e+01
-3.175073969357303127e+01
-4.415481013598120796e+01
-4.641213190425602875e+01
-3.431828006139812004e+01
-2.410177528131060498e+01
1.062016145701520564e+01
3.443887581149095212e+01
3.164653137080648904e+01
3.267578330783224771e+01
3.375643015926110024e+01
3.636322826595724678e+01
3.516371176578856250e+01
3.526086284404296123e+01
3.505284826116898955e+01
3.745147633392969055e+01
3.317432270802499517e+01
2.939004508276938310e+01
2.834492287610961370e+01
2.451622701528431136e+01
2.015199638961434303e+01
1.728414147426803327e+00
2.216762204338423636e+00
-4.591274792794298065e+00
-1.663950951747181994e+00
4.164757481839797215e+00
9.704117291589010819e+00
1.199636437121079702e+01
-3.640349257395697435e+01
-3.416293828794812271e+01
-3.451107653149856702e+01
-3.460866304148063222e+01
-3.830911285060912519e+01
-3.813040051172305311e+01
-3.459872392837274191e+01
-3.646516015368678865e+01
-3.492009826830430086e+01
-2.857603967208025963e+01
-1.532072243232649100e+01
-8.171415895031261201e+00
7.098207996997430769e+00
1.909069040251566918e+01
2.837530637334093342e+01
4.595755529114892823e+01
1.253005893754138000e+01
3.955505083209023809e+01
-4.267931792831157978e+00
-2.054267780925593456e+01
3.152998055364361285e+00
4.869994024087535678e+00
3.099171017218182556e+00
5.261152587158079541e+00
5.772852557744219126e-01
-4.568391534941098620e-01
-1.460635935500016203e+01
-2.015730799589876909e+01
-1.683680942992576135e+01
8.165236760705461005e-01
-2.168554749912701585e+00
-2.129473265724908870e+01
-2.056883152947677473e+01
1.186385638652128627e+01
2.491672324737958988e+01
2.412982525161771008e+01
2.188682188704884624e+01
1.937488962458632002e+01
1.656090798319991109e+01
-1.071270622105156223e+00
1.757801950153508486e+01
1.557669427728580303e+01
1.280583735137794577e+01
2.527416484207869463e+00
-8.882909619116347022e-01
-4.087080278669730227e+00
-1.241152352502929901e+01
-1.701254383843774320e+01
-1.483657173336877477e+01
-1.481853118925548962e+01
-1.748874865720483029e+01
-1.877078905426922972e+01
2.700768836096077763e+00
-1.325775246691354381e+00
-7.467866594799565050e+00
-2.524908898565598303e+00
-7.028800904009882444e+00
-1.865792354771308226e+01
-3.543451259314804247e+01
-3.731165364293241282e+01
-4.461315274060746106e+01
-2.345805045684615919e+01
1.637562811012127639e+01
7.888907622808218889e+00
-6.515126189424321979e+00
-1.672042202562377966e+01
-3.086466078119817169e+01
-2.054131729650198679e+01
-2.500818389303367795e+01
-3.414220981913345554e+01
-1.681169567748642990e+01
2.421761613042457739e+00
2.693915149562259259e+01
3.057649351933234172e+01
3.277774622780594882e+01
3.399806698079426326e+01
3.598787735879704286e+01
3.447982076097103032e+01
3.542193769811152748e+01
3.838576695214565149e+01
3.737642032084843891e+01
3.130537637754667912e+01
2.670620244140011934e+01
2.726595861512791075e+01
2.770263067952214087e+01
1.759712367166661195e+01
8.383378605422407981e-01
3.922898523861507503e+00
-1.150662572386757354e+01
-5.768571936583966497e+00
2.627641837865968455e+01
2.875214612118736568e+01
1.179680300174097418e+01
-3.334868268043772588e+01
-3.356526872726276167e+01
-3.459402889692814398e+01
-3.537749629002830432e+01
-3.809922973201806684e+01
-3.688924025310026877e+01
-3.470282995154612848e+01
-3.642514779341489373e+01
-3.342270022279569730e+01
-2.607977699058358567e+01
-1.147513509525713360e+01
-1.439205638584199143e+00
8.083367860859222986e+00
2.149035092846704131e+01
2.336044432716722241e+01
4.497728674659160930e+01
2.298233038771341796e+01
1.949646128141326784e+01
8.609998193322727644e+00
-3.097976908903405757e+01
1.108587509611097532e+00
-1.068883008682350311e-01
-9.935033177483408195e+00
-1.651366242590902544e+01
2.192282648900211584e+01
-1.233351278262590256e+01
-1.402942109306335361e+01
-2.309488343655359799e+01
-1.354937563344229545e+01
2.169352782067491159e+00
-2.425393517294991419e+00
-1.907758487287266291e+01
-1.578649093263360825e+01
-1.708215030647558974e+00
2.566398039310345780e+01
2.823396545401418223e+01
2.080817912335048447e+01
1.713389511438221646e+01
2.086882573389462436e+01
3.382382389142991741e+01
1.769001664770953397e+01
1.571815166565302313e+01
1.141207860990332179e+01
2.540781543457241831e+00
-2.936109480242511616e+00
-4.086176198052913655e+00
-1.278025867585419384e+01
-1.564252457709704203e+01
-1.487580208773463752e+01
-1.395537288074979898e+01
-1.636640697574514647e+01
-1.496163458582413597e+01
-3.472998993597529616e+00
5.600556718537037793e-02
-6.039529824871845420e+00
-2.495309426466164382e+00
-8.741701074554894646e+00
-3.048708722215643618e+01
-3.492577938451709230e+01
-3.305785629888338661e+01
-4.390784369343268878e+01
-2.837147752021224889e+01
1.406011743805233571e+01
8.360982253866832137e-01
-9.461264680530856452e+00
-2.121630736436526732e+01
-3.308687949806758866e+01
-3.475728021849225513e+01
-3.522171092538598458e+01
-3.822997783725404020e+01
-1.509874160113884578e+01
7.370609445104791213e+00
3.206454135017965257e+01
2.895018320419316993e+01
3.340693366420737220e+01
3.321417544432636504e+01
3.590831729205005018e+01
3.468398009061714760e+01
3.610438937765986367e+01
3.841045873802635668e+01
3.606909797666881445e+01
2.895759392018671718e+01
3.043018351772538566e+01
2.765901247156902087e+01
2.520331689183596779e+01
1.470364912000312074e+01
2.978379741107598511e-01
2.717718410319808875e+00
-5.639212160227526915e+00
1.013885286132182983e+01
1.646045573136841966e+01
2.106597084771261663e+01
1.151047906381142916e+01
-3.630639997468188085e+01
-3.520917410996994334e+01
-3.625631496746100169e+01
-3.721326526527928280e+01
-3.816577763224061215e+01
-3.574880195530321458e+01
-3.528397798955748499e+01
-3.631248336882246974e+01
-3.286560623745143062e+01
-2.396876819023540861e+01
-1.082267261779257517e+01
7.668900644528804378e-01
1.139391490473961532e+01
2.417362654002748457e+01
2.936364835542547169e+01
2.451586740357242888e+01
3.627358095211091182e+01
1.768979377315803703e+01
1.723352442042767763e+01
-2.817185092030023341e+01
5.219199573969976136e+00
-7.474239653609595635e+00
-9.451348576454435602e+00
-2.493746480887075023e+01
1.077241073385896541e+01
-1.350013529332850837e+01
-1.659159581387847737e+01
-1.730871237240847194e+01
-1.026957929296948002e+01
9.296725016397578978e-01
-1.962885341635333791e+00
-1.839331356724550659e+01
-1.196030820657977856e+01
8.517737745564980756e+00
2.676827764055649439e+01
2.695547139629199052e+01
2.129745419322040689e+01
1.887438216843682781e+01
1.738870002945844817e+01
2.202761949014235654e+01
1.609773755579709587e+01
1.445324598472732802e+01
7.761908338415450359e+00
4.727645755131426597e+00
-4.723330591802475276e+00
-6.615146543880535468e+00
-1.739864061211818935e+01
-1.589838192089123048e+01
-1.404350185747246016e+01
-1.463211030693762638e+01
-1.701264299391839785e+01
-9.191777654101077388e+00
-6.352859855184955329e+00
-1.918566002313166319e+00
-7.430458840538570975e+00
-5.768454425440009636e+00
-1.755647919609351604e+01
-2.951013670150055290e+01
-3.716506947829813612e+01
-3.859904397329497527e+01
-3.898048063026944021e+01
-2.087463115719742390e+01
3.112440293269348501e+01
1.802772067920044918e+01
5.875242669554242347e+00
-4.140879618780882510e+00
-1.502183951249402938e+01
-2.718096217790263935e+01
-1.168488472285588564e+01
-2.101249460556574888e+01
-4.044814159410665866e+01
-1.660979077997625808e+01
3.604141502785403350e+00
2.310697308487101509e+01
2.911550367283504315e+01
3.082286046380528433e+01
3.208746493251203447e+01
3.392072857978164535e+01
3.365741259638836880e+01
3.633278296143105024e+01
3.884092546372156818e+01
3.786567370172652147e+01
3.061088061661655146e+01
2.859195736804228716e+01
2.693663527073508845e+01
2.883335331394100010e+01
1.741127893210005695e+01
7.311399515833194585e+00
1.516618027364909693e+01
-1.106541861044294173e+01
-7.137629731400915389e+00
2.219576244681930532e+01
1.206426468968167498e+01
-2.536519172392572941e+01
-3.247132051915279050e+01
-3.208586777825303926e+01
-3.403250520450978911e+01
-3.373819562018078244e+01
-3.712664263200754533e+01
-3.538603156676378347e+01
-3.603258942778845153e+01
-3.731503175238130154e+01
-3.467151369512389181e+01
-2.560110162970434544e+01
-1.463652007860126325e+01
5.429712643634637681e-01
6.524929824554158486e+00
1.982221382987644631e+01
2.851432522467677089e+01
2.803134859776029231e+01
1.880747042078420961e+01
1.882912659715963954e+01
9.008418799865374638e+00
-7.698431135220667798e+00
-3.674820234968988686e+00
-1.154037230484956211e+00
-2.716555827366596176e+00
-2.322351887475204890e+01
2.855973596843654150e+01
-8.470680563757115422e+00
-1.866177874443756934e+01
-2.153977363738624362e+01
-1.112104992764663436e+01
-3.225668705043367002e+00
-1.462103062706763623e+01
-1.629427269734928174e+01
-1.413298460398476486e+01
3.727408975180654949e+00
2.544784848228534813e+01
2.580298057220843688e+01
1.987907686640141591e+01
1.585777140066359792e+01
2.298115305294941635e+01
1.503533570181333978e+01
1.986197393373139164e+01
1.759509002920183107e+01
1.010374783541668187e+01
9.368303522261783201e+00
-4.361231567073294180e+00
-4.104077631761623657e+00
-1.050095542795646431e+01
-1.412028754393127805e+01
-1.228163197794405548e+01
-1.224417975614770171e+01
-3.594279747436308270e+01
-7.822884779970605607e+00
-6.370660472000169161e-01
9.524899649688867154e-01
-1.248253217526527514e+00
-5.802915948355293452e+00
-1.415053060292368770e+01
-2.154129006836010518e+01
-2.537884310674907695e+01
-3.969944055156638996e+01
-2.775970053819492023e+01
2.791637228843867646e+01
1.816836453359424652e+01
1.156837560814113930e+00
-7.365921879055478350e+00
-1.983480000650160946e+01
-3.398673155625004938e+01
-3.380782456790127810e+01
-3.039189245043443321e+01
-3.839922518217888836e+01
-1.468123993409919947e+01
2.023126605078514828e+01
3.155982213538043624e+01
3.039000131431673779e+01
3.230865782565884103e+01
3.191614088392874393e+01
3.383343744205789250e+01
3.345805778771494232e+01
3.693025218514154062e+01
3.881132557550191819e+01
3.700644410603827339e+01
2.516897600741017627e+01
3.141210623921610789e+01
2.882030887905818162e+01
2.851134323857385411e+01
1.184646102205429052e+01
7.129391154334937752e+00
9.736029294141886226e+00
-4.412513192302288445e+00
3.292198041002920128e+00
8.229786974344634132e+00
1.030785875627258363e+01
-2.246793202634158604e+01
-3.390047327935004517e+01
-3.337295940271187078e+01
-3.525672895255159744e+01
-3.614185805997050949e+01
-3.611490343277576898e+01
-3.390441537181940390e+01
-3.651642720345798665e+01
-3.692259597333514876e+01
-3.329918691762966176e+01
-2.291920522200384980e+01
-1.560103150525663374e+01
2.493076658458775796e+00
1.016108005071061449e+01
2.440330323123684408e+01
3.061590878293631945e+01
1.588139139925732835e+01
3.951412594912155640e+01
1.744776209217378593e+01
2.493676016344902990e+01
-7.515227568672220748e+00
5.599568056951742534e+00
-2.856641646554244129e+00
-2.719769256420131676e+00
-3.088646272684900396e+01
3.519317039862100316e+00
-1.722193313186848584e+01
-1.897594239307295894e+01
-1.969368185691114093e+01
-7.045082900233989420e+00
-1.426203068292980491e+00
-1.530114838235699182e+01
-1.585024751512066743e+01
-6.768485695234375932e+00
1.118003546040679730e+01
2.539263282977008274e+01
2.417935042218332953e+01
2.018206487286340689e+01
1.988498572251492291e+01
1.756112522219079963e+01
2.206414552721607691e+01
1.826722226491556000e+01
1.657481728266520449e+01
8.148961394647930234e+00
7.793161400610787659e+00
-4.793723914521822671e+00
-7.474690694386055156e+00
-1.585932944562542879e+01
-1.347316437682991541e+01
-1.207164334235824832e+01
-1.204410061075037142e+01
-3.080312966576012457e+01
-2.425858039777163189e+00
-4.625030627120975346e+00
-4.555384627364097438e-01
-2.410675303441701889e+00
-8.115582017591085773e+00
-1.950869732840116200e+01
-3.081383131467361380e+01
-3.655947055947724778e+01
-4.734168093541383371e+01
-2.325823864002975583e+01
2.617721339524259250e+01
1.804607482635110571e+01
1.863851601713728989e+00
-1.031314157027551381e+01
-2.280845753110753193e+01
-4.038325549517094259e+01
-3.629461412265188613e+01
-4.186707548685522795e+01
-3.491857885353713442e+01
-8.003658603769480351e+00
1.134805694952499344e+01
3.032736654248697050e+01
2.961155355137793066e+01
3.344966012399851252e+01
3.326774630518438158e+01
3.236942649046157783e+01
3.413462557851714507e+01
3.769101273729486223e+01
3.854567992900441453e+01
3.600775894605481398e+01
2.592676583005418323e+01
2.680943865396736570e+01
2.993876936565558111e+01
2.682187309192899605e+01
9.087307326443491817e+00
7.582040836886704049e+00
1.396302823338301913e+00
-8.760165678488377239e+00
4.318158830105274681e+00
2.282743141362316663e+01
1.094256227153948124e+01
-2.403143581762436654e+01
-3.087139586694893367e+01
-3.209422948123029329e+01
-3.600712330964204000e+01
-3.433594766043250956e+01
-3.592717818592079482e+01
-3.429034313292596892e+01
-3.721964237983613799e+01
-3.682729701234868003e+01
-3.135753159075071750e+01
-1.925678266499418356e+01
-9.882729787703771862e+00
4.350039513197725860e+00
1.254009894501622213e+01
2.509678989351580469e+01
3.915491664072413158e+01
4.315350409757113681e+01
3.277448420983727573e+01
1.126238379179117288e+01
8.105238656191207980e+00
-8.220318073120321145e+00
7.292149168375662072e+00
-7.720508024082418430e+00
3.966975863472310682e+00
-2.997130431316919186e+01
1.639707447538457075e+01
-1.130679999037011330e+00
-2.063894077876074462e+01
-2.061726562332729529e+01
-7.729927285483575439e+00
-3.579145847421866033e+00
-1.726252360564337351e+01
-2.020675606069838892e+01
-5.708085096110312229e+00
2.052719282488404673e+01
2.486127813327546932e+01
2.232613954132913392e+01
2.018001538765158642e+01
2.121234514695492734e+01
1.957031852547688189e+01
2.008178399271290004e+01
1.801695697893465464e+01
1.582985846344432979e+01
4.640728152264536277e+00
6.447542730849018078e+00
-4.764876829475672260e+00
-2.212695248058813391e+01
-1.701499506295447972e+01
-1.313090456749884538e+01
-1.278538234072002844e+01
-1.335901986028558497e+01
-2.333708581053172182e+01
6.315460063671803903e-01
-3.104663718884765000e+00
-1.247747641726386858e+00
-5.270265898157042272e+00
-9.123636886972418480e+00
-2.047527808341406441e+01
-3.176810587352462889e+01
-3.645617774106557363e+01
-4.457604321683710680e+01
-1.926436263673713967e+01
2.457962247274454981e+01
1.187097586030217755e+01
-2.165953678972452945e+00
-1.117140926034461224e+01
-2.674102573677992467e+01
-4.060783208379988451e+01
-2.989474961666829955e+01
-4.513050056525001708e+01
-2.606585426547472650e+01
5.403156577444573117e+00
2.595550155334182918e+01
3.020476437672145664e+01
3.030970836594091011e+01
3.277047543185740608e+01
3.376549898453723841e+01
3.336870883549165256e+01
3.463311398026353061e+01
3.815643969763812038e+01
3.856617323593739854e+01
3.486209460935933180e+01
2.546690282829662877e+01
2.889876907153194097e+01
2.785244767916831776e+01
2.805056134013781843e+01
8.194982583661440501e+00
7.487984123533764524e+00
-6.348157193679329069e+00
-7.574722626349304377e+00
1.215678052029139167e+01
2.560475589935813190e+01
1.074682020000109262e+01
-3.166323777633088099e+01
-3.294167120584771169e+01
-3.250157665827266129e+01
-3.377660630664097852e+01
-3.670767598246817442e+01
-3.630767239843190453e+01
-3.457835199661359127e+01
-3.727783923578948588e+01
-3.610005632481902182e+01
-3.069061856267283872e+01
-1.764237785647875256e+01
-4.723904520447142374e+00
5.446365559384095612e+00
1.500232553410002545e+01
3.177829007513050286e+01
4.267258023679340795e+01
3.138531728518373853e+01
3.391645255488715804e+01
-6.071173141860954914e-01
-6.607091974743872775e+00
-4.077154967016079823e+00
6.465173151631778303e+00
-3.468774158515005812e+00
6.365211935980880087e-01
-2.412433309661366465e+01
-4.255283655161361978e+00
1.572127491828522849e+00
-1.840006702601746724e+01
-2.134454075665698269e+01
-9.042951391577954467e+00
-3.067703431857049967e+00
-1.763456370093259906e+01
-1.873396677067988492e+01
2.585220599460475110e+00
2.329239660362895137e+01
2.400023072045700800e+01
2.166376425976683606e+01
1.933575688581005281e+01
1.904207968567683551e+01
1.592473467011507893e+01
2.031206847600214260e+01
1.788672324302013550e+01
1.497479390543518463e+01
3.022025942345690108e+00
3.557171624204766847e+00
-3.865936945919530743e+00
-1.005579733965867106e+01
-1.600694891665235176e+01
-1.276187671369595478e+01
-1.283397392813994919e+01
-1.467455011323489522e+01
-1.896891536185987803e+01
3.370800292385444763e+00
-1.762429192689748181e+00
-4.138234669085941064e+00
-8.710800387785361920e+00
-6.710489382234985811e+00
-1.888530694905216478e+01
-3.677415875183013583e+01
-3.754007721034746226e+01
-4.367975446070924050e+01
-2.031916053077404527e+01
2.088438572782915870e+01
7.812354546778133901e+00
-3.574983872512851324e+00
-1.457101355832082490e+01
-2.921388825655581911e+01
-4.521787896737087920e+01
-4.589381813783603548e+01
-3.511813798781736295e+01
-2.370436210626261442e+01
5.301673676771284427e+00
3.004373959655651660e+01
2.996365760080727725e+01
3.055237170181744943e+01
3.246024858050024875e+01
3.401415231864933730e+01
3.385489666855752944e+01
3.592271740974538119e+01
4.004048478929652788e+01
3.806975142242642107e+01
3.328265763978203751e+01
3.083392295800785377e+01
2.716195014134910579e+01
2.672548060733351605e+01
2.182031034422557525e+01
8.148724125838652910e+00
7.906596827133618888e+00
-1.966230805583440711e-01
-5.107653673359206614e+00
4.765443207020762628e+00
3.098853535921394808e+01
1.154365769652479301e+01
-3.371781666373021125e+01
-3.266933351447670475e+01
-3.290567203433653276e+01
-3.389739879688150381e+01
-3.692450765289258641e+01
-3.586091336619287517e+01
-3.533000787864777692e+01
-3.737859782834182454e+01
-3.549603759566520012e+01
-2.862356070495207305e+01
-1.650302689637863196e+01
-1.517202275104676312e+00
6.147534761662915237e+00
1.733570721681279281e+01
2.353981074832763554e+01
4.636584215329430236e+01
1.328521539434903254e+01
3.472278914696710217e+01
-3.659613511760574589e+00
-2.010628695791122311e+01
-4.268906716814039326e-01
7.794530165223317653e+00
2.337862708310045612e+00
1.329468061721163386e+00
-1.138771880753699328e+01
3.692350247822166143e+00
-1.814382753719062080e+01
-2.087159921100450788e+01
-1.767841245356181190e+01
-9.857383346758112452e+00
-2.716180183179984109e+00
-2.003652796681507198e+01
-1.491034475254083524e+01
1.760157606496644789e+01
2.190995488780936640e+01
2.198080340203966898e+01
2.031560254291433409e+01
1.829378187431322189e+01
1.618432213620999960e+01
1.475353193666775375e+01
1.952800514796289022e+01
1.802984476833290728e+01
1.401398560850095265e+01
5.568709578155409901e+00
-2.079272091805993927e+00
-3.453951759014718625e+00
-1.333515128040381192e+01
-1.487903684561350204e+01
-1.267708896079727943e+01
-1.289461749277075953e+01
-1.583634017484789069e+01
-9.740495573375433480e+00
8.973085969102376769e-01
-5.145582088408927612e-01
-2.581202195875944128e+00
-5.449318387352115600e+00
-7.339287431780348037e+00
-2.333844856530649992e+01
-3.312037852296860052e+01
-4.141001166430992697e+01
-1.906865415090682347e+01
-2.160964533545579869e+01
3.468907888120158134e+01
2.549271649405116591e+01
9.987656820015104131e+00
2.842370294269525033e-01
-9.698145207643030119e+00
-2.740353816454765123e+01
-3.690848226116838759e+01
-3.316857387501840293e+01
-4.407878787192091607e+01
-2.631927999544542018e+01
1.251388374600545283e+01
2.292025896174444810e+01
2.811699560734329495e+01
2.831607205843519637e+01
3.087786313526389392e+01
3.159659559482165747e+01
3.257363612777779593e+01
3.546117410174185380e+01
3.864837075102616382e+01
3.905685662938110170e+01
2.292277276839255862e+01
2.562238658338191755e+01
2.970823965285681112e+01
2.978285781802259535e+01
2.424417244790136294e+01
1.653359369918966593e+01
1.201097114442827696e+01
-6.972175327751927831e+00
-6.593766126150558904e+00
1.095208410255373721e+01
1.092465516080056531e+01
-1.320855055803179745e+01
-2.875146762795191080e+01
-3.134169626590453106e+01
-3.245492894552018015e+01
-3.343254921386382250e+01
-3.546126576540738284e+01
-3.417697172567169872e+01
-3.570089812327265122e+01
-3.784249183502161884e+01
-3.654194340991007550e+01
-3.031092012811110337e+01
-1.673467020537087180e+01
-6.425416393893916833e+00
4.387121349720814578e+00
1.347460674790234592e+01
2.956696746622199612e+01
4.567262748256005267e+01
2.238024324391552611e+01
3.447421367019341432e+01
-3.432883581132756046e+00
-1.876989969572980144e+01
-3.515994332815109757e+00
7.570752577139905348e+00
1.080632809287844776e+00
7.739191655239777923e+00
-2.518899169044496134e+01
1.080070499919946947e+01
-1.399153278671697365e+01
-1.979904090914864767e+01
-1.854359112600047865e+01
-3.476178032389150019e+00
-1.326425034259695046e+01
-1.711527579448770808e+01
-1.528777983881184888e+01
1.005500832589365778e+01
2.192455043706626938e+01
2.205261146102477454e+01
2.034574318391571879e+01
1.865773153144574081e+01
1.894389074133746220e+01
1.265744154936109744e+01
2.452487866857784837e+01
1.943243603251467633e+01
1.241508238481095461e+01
1.051465842687414165e+00
6.465379051487365025e+00
-1.935590046264979103e+00
-1.390198628122578484e+01
-1.277231230639441328e+01
-1.059365569241929705e+01
-1.086182966800582506e+01
-4.013513816341410489e+01
-7.058156622450817430e+00
3.804646913808784170e+00
-9.706708473750228494e-01
-1.031273962602951011e+00
-4.308905891981672731e+00
-4.359597132524265284e+00
-2.598517720530688635e+01
-3.368177058038397576e+01
-4.173193711472821832e+01
-1.993541809761263295e+01
3.272639836642860445e+01
2.513713394564593884e+01
8.027087656719011477e+00
-1.715115357886822345e+00
-1.370980493464010763e+01
-2.792674518010822737e+01
-4.054401195684650361e+01
-4.843777720578132318e+01
-2.689302232631766998e+01
-2.223320747688676846e+01
2.337756934733260739e+00
2.612984734958252986e+01
2.770252988919456172e+01
2.859409220888227310e+01
3.109949661928372322e+01
3.165518330703090655e+01
3.288437200377385494e+01
3.660140900065958647e+01
3.941094499979416099e+01
3.872523449053219480e+01
2.912210078322108586e+01
2.604064178911718486e+01
2.950226921238202138e+01
3.107785775767674608e+01
1.827717497730305496e+01
1.618113319183596133e+01
4.901093115131751610e+00
-5.779890098235290097e+00
3.182784210622537913e+00
1.200289713129963687e+00
1.165406312683898271e+01
-2.085356740612292725e+01
-2.985427687247776873e+01
-3.042738382096551319e+01
-3.083748226330350661e+01
-3.290097106736234167e+01
-3.542566352011427711e+01
-3.419605829781824013e+01
-3.638889934031507778e+01
-3.782368540092387832e+01
-3.594824470918157289e+01
-2.803915658470227612e+01
-1.708602717099693180e+01
-3.063025063538386661e+00
4.547974874052696848e+00
1.592517641259290606e+01
2.787390159815664958e+01
5.416826324939511750e+01
2.120565043812879580e+01
3.394145010965404907e+01
-6.681098629390679555e+00
-1.915385357351613038e+01
-1.349164396996020976e+00
1.134383458249353360e+01
6.482991428172157899e-01
1.836810246276553205e+00
-1.769491321139908990e+01
6.345241755035214481e+00
-2.297750641118005177e+01
-2.004751038645976990e+01
-1.556557226957446005e+01
-3.489006336382000750e+00
-1.526071069856467410e+01
-2.066982981178058409e+01
-1.275960834457309012e+01
2.292536576196015830e+01
1.785044079083789370e+01
1.833646246861799156e+01
1.953678749171000817e+01
1.549005748930165538e+01
1.670885229150830398e+01
1.975029149478207557e+01
2.356008739813801611e+01
1.923458832982958455e+01
1.516132375403166854e+01
5.651850057966498753e+00
-1.102836538379222242e+00
-2.369779648638906444e+00
-8.851398889702638328e+00
-1.246206486220248877e+01
-1.058164900107736273e+01
-1.118216008844889942e+01
-2.063360865009041945e+01
-3.149980998948798128e+00
-1.052754999552309334e+00
-1.709150805091941006e-01
1.127102050684159140e+00
-6.828778027023991726e+00
-1.441692408732320096e+01
-2.813430604413332858e+01
-3.591320737925291695e+01
-4.319422460633727212e+01
-2.084519950608880379e+01
3.049865662031556113e+01
2.182339477031802488e+01
4.272342075882185064e+00
-3.053944568942100535e+00
-1.427551403154175702e+01
-2.108440379425778843e+01
-1.441788276593128870e+01
-1.786560131304996091e+01
-4.127127623220345498e+01
-1.381486229074950245e+01
2.937239068182417157e+01
3.104807148122065996e+01
2.880349484547492622e+01
2.916166774397974493e+01
3.123472434191809910e+01
3.136703715753047916e+01
3.291887121261371618e+01
3.700629102011266980e+01
3.912730915610886484e+01
3.810735308974254565e+01
2.742510713940311717e+01
2.876820730883867228e+01
2.742736049598041603e+01
3.030925952464780337e+01
1.666160689917229121e+01
1.358335267354333986e+01
9.688424214900100750e+00
-9.182849236343445298e+00
-1.195640428045712866e+01
1.020671587613315090e+01
1.084456874346830979e+01
-2.902124515038861929e+01
-3.123250609343140383e+01
-2.974153222948207542e+01
-3.206800705559807341e+01
-3.301117885810407415e+01
-3.489788720089988061e+01
-3.311977803798314568e+01
-3.702504566759492377e+01
-3.782900211489677389e+01
-3.494673454300269810e+01
-2.502221906348453473e+01
-1.333576910023032447e+01
1.931560421413190953e-01
5.829265799100952883e+00
1.775048794012041853e+01
3.050561710021277051e+01
1.952784479788769190e+01
3.276601235385427913e+01
1.889586760182346126e+01
1.309444428254074921e+01
-1.580937924963861718e+01
-2.127632737014289788e+00
-9.724082255569018729e-01
-6.062631621622656120e+00
-2.107580738244321950e+01
1.205559597161699870e+01
-1.168807994972530118e+01
-1.764312549205071079e+01
-2.422563109553816219e+01
-1.295185271379317449e+01
-3.118570355592118037e+00
-1.346567637819884133e+01
-1.560609609066294645e+01
-1.011231500666497496e+01
8.640511723105117170e+00
2.536337353066372202e+01
2.322801338098537016e+01
1.892415113783039260e+01
1.702152137024341272e+01
2.768635549169540866e+01
1.426932169344001267e+01
2.291463416896321803e+01
1.892034114126554911e+01
1.365027270071897902e+01
1.294352468109682874e+01
-2.985010865457636609e+00
-6.232817826164469110e+00
-1.397248638223170403e+01
-1.198969661367123507e+01
-1.000966484703781845e+01
-9.930783011517979375e+00
-2.961176216004738748e+01
-1.788076651508188286e+00
6.235385483933495454e-01
1.875322721312844720e+00
4.592724494831865734e-01
-5.744154415662207747e+00
-1.529958278820289586e+01
-1.993902534389494363e+01
-2.659518009655333159e+01
-4.489548176259231838e+01
-2.502469310987001805e+01
2.758347262336894445e+01
1.350005899978178903e+01
3.397151178903688340e+00
-6.091037553875069399e+00
-1.942674285965524916e+01
-2.960649945435863017e+01
-3.560540788608894047e+01
-3.836077836900554416e+01
-3.811443385728355082e+01
-1.203430022991413040e+01
1.520894509442174858e+01
2.930137473200321452e+01
2.802851823735862524e+01
3.062798987237317050e+01
3.044486018774752623e+01
3.193900437372424506e+01
3.362758209359033401e+01
3.769111635352593481e+01
3.921338922539165850e+01
3.711441797648306107e+01
2.497909983136715439e+01
2.857666484686831154e+01
2.873529788713158695e+01
3.002785502194130274e+01
1.728040207286504781e+01
1.310106531191562418e+01
2.098456837961408361e+00
-5.337109702341304107e+00
3.494940652500420075e+00
1.740974541694897937e+01
1.098488501327903499e+01
-2.615113604853026175e+01
-3.395696625222436893e+01
-3.123027385613091766e+01
-3.474732382959627586e+01
-3.320677354376120149e+01
-3.480024837659688330e+01
-3.413565089333307156e+01
-3.741906412928467773e+01
-3.734056967652822578e+01
-3.316138988668131304e+01
-2.231423044691810986e+01
-1.554666716863996534e+01
1.109548635537272565e+00
8.928600791551408733e+00
2.262036413538551471e+01
3.414456916296995814e+01
2.566271480843722230e+01
3.807718098553416297e+01
1.584073571303848205e+01
1.217722874771600061e+01
-1.127109005615455573e+01
8.819587227116944206e+00
-4.509457397884756524e+00
5.203269238878201364e+00
-2.538029089291498863e+01
-1.408270288676645876e+01
-1.636520000241684869e+01
-2.155319892975526486e+01
-1.956010165831727576e+01
-1.480904675884281474e+01
-1.795181824170846152e+00
-1.466541772933145182e+01
-1.391826955589892023e+01
7.749585609299350919e-01
1.757379848054597105e+01
2.313594365549024801e+01
2.146098575342826820e+01
1.946195894039723484e+01
2.026096995535783662e+01
1.951705477841855085e+01
1.617704533110677190e+01
2.132899940014077700e+01
1.778012661483720791e+01
1.047419378767929565e+01
6.047412451932985711e+00
-3.880844370060921200e+00
-1.347265170952900704e+01
-1.418363923142165994e+01
-1.142807359861407157e+01
-1.081729657310230408e+01
-1.066235326873377254e+01
-1.524014930434552184e+01
7.573159316782441808e-01
-1.952273224756237990e+00
-1.853869947387570383e+00
3.838242918674197868e-01
-8.263254066822357302e+00
-2.601994457515650794e+01
-3.050246302197914616e+01
-3.836251524339908769e+01
-2.700839278199126525e+01
-2.201987454830862845e+01
2.631150427264245550e+01
1.293633549788166093e+01
2.417043108095431769e+00
-8.216654766371080498e+00
-2.186328570160068097e+01
-3.452280458236732130e+01
-3.497957726443342352e+01
-4.313878408891665828e+01
-3.337091056051903593e+01
2.530318999879859643e+00
2.058031282892055813e+01
2.805346114657795553e+01
2.770176907061512495e+01
3.064023698529958750e+01
3.106556815228308110e+01
3.244562738426958504e+01
3.470608005800110618e+01
3.795520266501034712e+01
3.898123200420515388e+01
3.616717176769616771e+01
2.141798568527505964e+01
2.751423874745328746e+01
2.609511984176063137e+01
2.902194319725090210e+01
1.848228346858628868e+01
1.026997035777436729e+01
-7.233865971574056086e-01
-8.325228966629195426e+00
2.292182468076157331e+00
2.136693621401212795e+01
1.085348865613573999e+01
-2.436539728627734647e+01
-3.165787982477944240e+01
-3.295597553468563490e+01
-3.289597034696086553e+01
-3.422066107828889869e+01
-3.449675426019447855e+01
-3.493690486011003316e+01
-3.781097581906126237e+01
-3.718782746606999012e+01
-3.104353874687160086e+01
-1.762411786142076764e+01
-1.049698807659453337e+01
2.082605509910294472e+00
1.137009211008503584e+01
2.268264114496604478e+01
4.112967156075075081e+01
4.067333743576055127e+01
3.924675491856430654e+01
1.103783664829999189e+01
3.264243949767235975e+00
-6.739613058520823152e+00
9.104502690662863884e+00
-9.365271332252245173e+00
3.502296605199410440e+00
-3.010683999911730879e+01
1.260181102377618423e+01
-1.178860865714193196e+01
-1.969474179375020029e+01
-2.027519717819471623e+01
-1.609929057748292536e+01
-3.628655590920244922e+00
-1.603161864311121931e+01
-1.777726307254683036e+01
1.310050148860983477e+00
2.107947863645237874e+01
2.305059419616746652e+01
2.029862535253575828e+01
1.895914320673631792e+01
2.285296435928458436e+01
2.322501270679955354e+01
2.120681946872437251e+01
2.007411622781932792e+01
1.594344740028842899e+01
3.240366247414143253e+00
4.407443177634679188e+00
-3.495250587539826981e+00
-1.844436804250888429e+01
-1.414125611654962533e+01
-1.087345373890135214e+01
-1.223142949454504169e+01
-1.065057871961734826e+01
-1.138634575519207282e+01
3.602245921459043654e+00
-1.936039218583260224e+00
-4.290875179973263620e+00
-1.124319963947162604e+00
-7.198302468649449892e+00
-2.219444841393085710e+01
-3.688420389153451850e+01
-3.794690774289672675e+01
-5.453121077975274034e+01
-1.885210170569794386e+01
