# y [pc] 550myr: 
1.500000000000000000e+01
-6.272756761693300653e+00
-1.520874057549761993e+01
-2.121904568273754954e+00
-8.277537935965167293e+00
-1.195590784946679896e+01
-2.384761314933859566e+01
8.637828682493227106e+00
-9.286819689711354187e-01
-1.419852597707958708e+01
-1.039714734035561250e+01
-1.287263135057188812e+01
1.060799409604936194e+01
2.606015342799143752e+01
3.149535729752235369e+01
3.109480478983913088e+01
3.129366757744866590e+01
2.844941448712489418e+01
2.393577182585789842e+01
1.586197050274116016e+01
5.346146637233150756e+00
3.859637117117739269e+00
6.552449345729894681e+00
8.970384414843237675e-01
-9.510911471504567061e+00
-1.003040845173167206e+01
-8.425740712667888488e+00
2.463207835693929093e-01
-5.917256232360771584e+00
-1.035821682821402057e+01
-8.768102770411184466e+00
-2.380477250606601203e+00
-1.248185706250233196e+01
-1.276237684148364870e+01
-2.061068339430429575e+01
-2.294156598989474816e+01
-2.438020385363032716e+01
-2.309224738940714161e+01
-2.303469501684474352e+01
-1.798981160896776643e+01
-1.076999498838042868e+01
-1.657802543039295529e+00
8.533157672982548902e+00
1.753129123698470693e+01
2.760295962095931532e+00
8.121939245876461655e+00
1.708000023160042957e+01
2.070790097389282991e+01
1.371953609412502217e+01
2.296274120492119053e+01
1.192061755586992433e+01
1.038973931469608836e+01
1.116418009281658819e+01
-2.124466476717766561e+00
1.888467658561477025e+00
1.771609030243296345e+01
-1.177467581297971755e+01
9.601642970295815260e+00
8.062220685533288744e+00
8.951084759364329457e+00
1.149062221864840438e+01
1.018908977933699411e+01
3.606706559539162721e-02
2.058443165371322880e+00
1.034535683459554889e+01
2.435111635977528266e+01
2.208874821610294603e+01
3.726073917390326340e+00
-1.168126493606204441e+01
-1.847990868483542570e+01
-2.611259921419542707e+01
-1.728157241436944247e+01
-1.648612332434037242e+01
-2.161586680777599767e+01
-3.153502275260611043e+01
-3.143801379123110706e+01
-3.048235184166896516e+01
-2.685548001251174455e+01
-1.441046270082953207e+01
-1.383419402034197354e+01
-8.292851763789474973e+00
-3.621472069460148990e+00
1.058321604780557840e-01
-3.627746110186520667e+01
-3.677713811625941531e+01
-1.669970078891846654e+01
-1.662490019072861713e+01
-1.824997058521560334e+01
-1.507947371004845927e+01
-1.837697270972413222e+01
-1.150954181762140216e+01
-7.928821651228370904e+00
-1.180687493770702723e+01
-1.472131810694189369e+01
-9.632389871836197770e+00
-1.479828193973424888e+01
-1.874151199108154087e+00
-9.248995007619937425e+00
-1.701661904798589120e+01
-2.709569265855798648e+01
-1.472101707430237028e+01
1.674727473045325654e+00
-1.932123414275953621e+01
-1.020001346223131833e+01
8.850559540608341491e-01
1.740583203453597960e+01
2.618740203745491968e+01
3.101761745347273802e+01
3.083348383339755472e+01
3.096682783479439394e+01
2.808964195516181661e+01
2.259205423185747108e+01
1.417290646931269116e+01
2.782508271121455934e+00
1.452652630501624742e+00
6.557091689091076425e+00
-4.550675552980085747e-01
-8.867634420271540918e+00
-7.017098495816441073e+00
-7.477927621461724073e+00
-1.150357828205503141e+00
2.903768199390563964e+00
-1.128774492795849227e+01
8.713839489268987437e-03
-2.672664945239790146e+00
-1.726081362100602945e+01
-1.469323442596299323e+01
-1.926263033468583075e+01
-2.229104903647566616e+01
-2.475410631043746790e+01
-2.298101618118137068e+01
-2.263272448596497810e+01
-1.671981730176212366e+01
-9.463213356284871480e+00
4.410547201201147072e-01
9.533074679597556056e+00
1.539736171670222653e+01
2.131859745502658665e+00
1.003149248850310293e+01
1.199380026499819252e+01
2.885528195185386480e+01
-1.122256582677234249e+01
3.096960224888265145e+01
6.150330297347510466e+00
8.756750287031215052e+00
6.961179116399202726e+00
-6.020814555437159932e+00
5.191584454630889134e+00
1.238003264718143015e+01
-1.785128479993483808e+01
9.442625461224031014e+00
1.076985237715752319e+01
1.125122411582785098e+01
1.270890581306452916e+01
1.106060164376026300e+01
1.055352003232590485e+00
3.597638354183508635e+00
1.325480528071653019e+01
2.372931597291020012e+01
1.821801599858756049e+01
2.519369660764287921e+00
-1.320800729572729004e+01
-2.050339724093796079e+01
-2.359904694176595186e+01
-1.267642004963213331e+01
-1.721925838112148810e+01
-2.449412564349232468e+01
-3.204161103712143444e+01
-2.853340765892279407e+01
-3.323482801166353084e+01
-2.423898509203963769e+01
-1.087942644619296750e+01
-1.196397579719780424e+01
-7.224182718589946539e+00
-2.697940568585212251e+00
7.949651506170065662e-01
-5.652249586057565445e+00
-3.182345911334432742e+01
-1.947830901640527301e+01
-1.600050217415048337e+01
-2.173785105855374411e+01
-1.481415762231314126e+01
-1.609174083568695224e+01
-9.108856200807441184e+00
-8.429355929893960209e+00
-1.434656169289039163e+01
-1.335721750801769581e+01
-1.173810345562920432e+01
-1.066336273451878291e+01
-3.512628074955371549e+00
-9.589505658911173569e+00
-1.440744818035967256e+01
-2.197359303298918043e+00
-3.814941626023965693e+00
2.483417062608205939e+00
-6.087646309811491463e+00
-1.346372733045894954e+01
3.435330390425934688e+00
1.317227212914066747e+01
2.890963394928199648e+01
3.008941309298440459e+01
3.257765835478372907e+01
3.053404977368637319e+01
2.779559664540980890e+01
2.111898053069939607e+01
1.202929446189194351e+01
1.784707393265154984e-01
-6.200620443918877456e+00
4.280443480433055448e-01
-2.856220692168724984e+00
-1.565761649148015699e+01
-6.353242710605314869e+00
-3.372117662651349157e+00
-2.439559247712419943e+00
-5.699805516741609956e+00
4.138283809200271612e+00
1.809065820860795260e+00
-9.462588645975202883e-01
-1.499754980582584096e+01
-1.541734242273370192e+01
-1.881591703422341766e+01
-2.220340231507786299e+01
-2.465303159967237079e+01
-2.349123725323395107e+01
-2.136811718980542096e+01
-1.504983218830084546e+01
-7.408156148995791668e+00
2.831170548201596304e+00
1.231253716777349361e+01
1.140166693362567329e+01
4.909148519798908872e+00
1.061615680272239892e+01
2.138372388706241267e+01
3.148281085297671567e+01
-1.188909253674041722e+01
-1.688976495981390613e+01
-2.284273429605479411e+00
3.147792247448911063e+00
6.111961946558287728e+00
-3.774860346135258116e+00
7.246878177588349956e+00
6.752247350021159278e+00
-2.723106872738526363e+01
4.064006004085280566e+00
5.291254240460947500e+00
1.115466973229222880e+01
1.193101567824925446e+01
1.290283502959943362e+01
3.917830277673530759e-01
6.379583236515403044e+00
1.793381204670629359e+01
2.551694319391475219e+01
8.864734943230097031e+00
-5.845448056547129845e+00
-1.717854881714324122e+01
-2.165554918336727752e+01
-2.098348562797861661e+01
-8.170527840739595149e+00
-1.943584016874395104e+01
-2.590310524925636670e+01
-3.369173894314054962e+01
-2.582574412064629499e+01
-3.489266592036073433e+01
-2.139114957255407035e+01
-1.665623751003536412e+01
-1.124358014353786750e+01
-6.222286098419774980e+00
-2.842747885945830610e+00
-1.477835782019177591e-01
-4.121512040223816342e+01
-3.043069159179481531e+01
-2.100238484703578123e+01
-1.936264346852435736e+01
-2.166486856651015103e+01
-1.534259982469725259e+01
-1.582900112601286047e+01
-8.726191651664873206e+00
-7.313952365997185012e+00
-1.819294795947487842e+01
-1.226386771754209448e+01
-1.384732614947646745e+01
-9.886368724503116212e+00
-6.474298468462507117e+00
-1.452463134657595312e+01
-2.150136439553073231e+01
-2.363904680733315189e+01
-7.357072843997565670e+00
1.088541367521251857e+01
-1.241300354583318821e+01
-3.221779535871702738e+00
1.361888383183589957e+00
1.964748579650673221e+01
3.051344825110286152e+01
3.034194618954425238e+01
3.248117353304834865e+01
2.917368807565874889e+01
2.685744740687328047e+01
1.947200099850029531e+01
9.864816743229514628e+00
-2.072276541229603808e+00
2.700175962295096710e+00
6.418497118161693216e+00
-4.862829541241066700e+00
-1.498054673207685639e+01
-6.177755172063236877e+00
-8.897074990891947754e-01
3.025192094327415759e+00
-6.827068272390429904e+00
-1.206346271418167149e+01
3.394407093639090878e+00
-1.668966323990501488e+00
-1.283104902041315221e+01
-1.736572887047722702e+01
-2.200393822646659814e+01
-2.044098759701095602e+01
-2.316093117211814700e+01
-2.261333681244703797e+01
-2.071826294345273212e+01
-1.370571700173763752e+01
-5.710079400416825379e+00
4.381492737597811882e+00
1.475887923614405040e+01
6.017911079269279817e+00
4.529740100309104456e+00
1.115936899856344056e+01
2.135402118409311001e+01
-1.371322450128974957e+01
1.249302688602831246e+01
2.489331025350174187e+01
7.761724724308158407e+00
3.034207928544285782e-01
1.261336334379264734e+00
1.769883115982394894e+00
-7.860509863494570482e+00
-2.926067854278069369e-02
-5.441519256741245592e+00
6.244208822038237017e+00
6.787866924857985929e+00
1.124725046986586996e+01
1.151174537540336473e+01
1.364270957376853488e+01
9.359108395837767436e-01
2.994682771381840691e+00
1.411371524917214337e+01
2.727156360467216700e+01
1.931651139990595212e+01
-5.668951033925699434e+00
-1.889414032941565935e+01
-2.627656346070682503e+01
-1.823883619370072040e+01
2.016724696384522897e+00
-2.083278735031688100e+01
-2.682221019974834419e+01
-3.342474091407429171e+01
-2.777536490467388575e+01
-3.301732018914140809e+01
-2.030605281418824148e+01
-1.659414409235867183e+01
-1.007986198203329131e+01
-2.261112556824298014e+00
-2.572489419370767028e+00
-1.478067511148263735e+00
-4.497636369290526659e+01
-1.730641743980346803e+01
-2.142538750051429375e+01
-1.797035071970220699e+01
-1.994286701970555242e+01
-1.592483013333844433e+01
-1.712113737051616269e+01
-1.810121100379437920e+01
-1.374063988662276081e+01
-2.525685623120401146e+01
-1.331193808632315978e+01
-1.423739064546373534e+01
-8.274499435729048002e+00
-4.656826918778591562e+00
-1.208850998659539933e+01
-1.708730066152133276e+01
-1.581676096215946359e+01
-1.910550859518559008e+01
-1.203944404742092900e+01
2.404219862043738498e+00
-1.417623065777438462e+01
5.215429795796604040e+00
2.048574992144567375e+01
3.068916072955047625e+01
3.066345633842084695e+01
3.186354744295938701e+01
2.870902262297091312e+01
2.550090133684383531e+01
1.781171062308153097e+01
7.705652813705618165e+00
-4.219592187679577222e+00
8.787495790152744846e+00
2.644990464504639593e+00
-7.495460955949732273e+00
-1.116142311642698814e+01
-5.172204285592210127e+00
1.201571374723814811e+00
3.953140599371348429e+00
-1.501895644272226704e+01
-1.222612009768926278e+01
1.186383240408702022e+00
-2.715075088300868522e+00
-1.416418917899166630e+01
-1.878415966525678016e+01
-2.325207279353366374e+01
-2.310976768126067427e+01
-2.338828915702758238e+01
-2.025846456931184392e+01
-1.928405120129395556e+01
-1.209031220264309248e+01
-3.663357031822851440e+00
6.357519491879013884e+00
1.718465645970058020e+01
1.886832799495257174e+00
5.233545537927864366e+00
1.389640182160305670e+01
2.152958665846388797e+01
3.113914358143154004e+01
2.142888723526407091e+01
2.296802167045443710e+01
1.093218975470239762e+01
-7.827879052302724183e+00
-2.854677745768309460e+00
6.648723436125665742e+00
8.356763391848600619e+00
-3.098770583760589670e+00
4.474413924916662566e+00
2.351523820614641824e+00
8.834708659339144177e+00
8.050248396549866570e+00
1.008440885240103135e+01
1.369750308454370469e+01
9.843301941945922229e-01
1.188194948805842266e+01
1.894496972803541368e+01
1.918535657020435536e+01
8.074381792604359731e+00
-5.984622402960093623e+00
-1.691636455656697891e+01
-2.341051085429854339e+01
-1.660980509340104661e+01
-1.275576673992037158e+01
-2.192891084009820801e+01
-2.944646897087857695e+01
-3.146690678733899560e+01
-2.802987424076488310e+01
-3.245227390883036378e+01
-1.779702900327110626e+01
-1.453817307564856343e+01
-9.681063137922674144e+00
-3.854713811641742538e+00
-8.906165315235736735e-02
3.311911193377150564e+00
-4.507383835940921557e+01
-1.166702627532642111e+01
-1.873666551057351271e+01
-1.745574899967394344e+01
-1.919385865359579313e+01
-1.446436470173041045e+01
-1.271086594341036147e+01
-5.801505099357437523e+00
-8.373650854817975997e+00
-2.981032216738431728e+01
-1.733879671276131873e+01
-2.477786871475139652e+00
-1.684176456406240874e+01
-1.091217582411955211e+00
-1.012082027910197191e+01
-1.867299611142728466e+01
-2.947790965233096827e+01
-2.132027180480064388e+01
-5.697397653383967864e+00
3.390005605393395349e+00
-1.473503331396516280e+01
-7.212262648551109656e+00
4.494047499942842805e+00
2.178570745764465144e+01
3.226266793723551274e+01
3.218400112279744008e+01
3.409170923821452703e+01
3.124172711970302529e+01
2.771104012573426800e+01
2.048832488023657206e+01
1.004805912968906867e+01
4.124285834096635739e+00
3.952667511282379476e+00
5.379656664413732248e-01
-5.540930132783376649e+00
-1.143303207097613772e+01
-1.367301159347709749e+01
-3.581708645098969246e+00
5.744968046010757945e+00
-5.649070401570615019e+00
-1.085758951723969901e+01
-1.404128816918859268e+00
-1.001598021763386370e+01
-1.883492210305870884e+01
-3.433096959604310427e+01
-1.755414438153894707e+01
-2.475124907667166596e+01
-2.542655119270674646e+01
-2.522494965915538856e+01
-2.140693523794339725e+01
-1.491538618670490735e+01
-5.496564259534093999e+00
5.333555139159889436e+00
1.527802045128348141e+01
2.733871135956687404e+00
6.059899729954288716e+00
1.282287696192392090e+01
2.347168440807163492e+01
-1.322429783753940491e+01
1.769440309789095878e+01
2.510339413929362351e+01
1.034023775494109820e+01
1.115835952721530866e+01
-1.069633287199771576e+00
7.018440432348874936e+00
-8.835135283757754365e+00
1.002733475528622087e+01
-4.000043240306906256e+01
1.006104092289672103e+01
8.440675510739225729e+00
1.205026633110848167e+01
8.568052837677202049e+00
1.974423772087373186e+00
-9.798283794779666378e-01
4.298842492043116081e+00
1.416662043408129890e+01
2.439925045064573084e+01
1.599945586400104780e+01
-7.113999470393713054e+00
-1.897577747520066893e+01
-2.902780600327229266e+01
-1.634941745844468386e+01
-1.952025558495747148e+01
-2.045397635914065049e+01
-2.889693305237909016e+01
-3.213505853226197928e+01
-3.202237798113441158e+01
-3.071820811472785095e+01
-1.881108585848321013e+01
-1.352195501387069143e+01
-1.025424597706430418e+01
-5.360922608075789242e+00
-4.105327250336284983e+00
-2.865180804796030145e+01
-4.076399811641073256e+01
-2.216244380683493276e+01
-2.030606006506179284e+01
-1.938909978773162024e+01
-1.945399641394567425e+01
-1.421803897299835917e+01
-1.141832314266433457e+01
-1.036414546738455833e+01
-7.906913964067161515e+00
-9.175769777890746326e+00
-4.701102318139824376e+00
-1.623907816345863964e+01
-2.354414385526435893e+00
-8.349502392531210404e+00
-1.506858275581592466e+01
-2.151118559135153774e+01
-1.579667426351791804e+01
-2.097053241916348654e+01
-1.181900889040236535e+01
-3.705238799243825376e+00
-1.973341940338173472e+01
1.410129129155758854e+01
2.397293321167626701e+01
3.326652552648076266e+01
3.203012025751969105e+01
3.315565811931752194e+01
3.074275916711295764e+01
2.620159500381481976e+01
1.859259216560917238e+01
7.788059351655696183e+00
3.821591506651287773e+00
2.192559215655710503e+01
2.352907932692253734e+00
-7.661964115534693143e+00
-1.064635874569589191e+01
-9.961724454245295846e+00
1.050373892050949998e+00
3.573190118568954077e+00
-1.396435697727568659e+01
-1.179502237715752466e+00
-2.835664035173148800e+00
1.252098779192923228e+00
-1.573219646807592831e+01
-2.119787576553011732e+01
-2.365542724824967635e+01
-2.611785086111920862e+01
-2.459212487098994870e+01
-2.501782018024326604e+01
-2.019446263368257988e+01
-1.275601248844728097e+01
-3.458686293053666372e+00
6.574771564294249693e+00
1.220224821353102307e+01
5.066401763967246730e+00
7.786811698994878128e+00
1.595221339051750142e+01
1.962749368250133131e+01
8.603373628798161477e+00
2.071689369818573923e+01
2.332144787541024300e+01
2.794314284585334818e+00
1.143376356224853119e+01
-1.969612035616686185e+00
5.601765216559312144e+00
1.126004578034487835e+01
-1.502058300957494197e+01
3.107707679765065123e+01
3.324866311271481134e+00
1.235898282626708955e+01
7.868967464786149613e+00
1.206458089330006267e+01
1.145226091224159637e+00
3.349849207225318537e+00
1.093999649885205017e+01
1.945442473314194132e+01
1.504709060505741292e+01
4.379668951705930624e+00
-9.504997313912816992e+00
-1.810065990079442599e+01
-1.947945652406857064e+01
-1.414648499469973331e+01
-1.842293780978652862e+01
-2.098113057047071095e+01
-3.154004687997343481e+01
-3.379069038259718383e+01
-3.287598104433792656e+01
-2.623807821107728699e+01
-1.703733482517349529e+01
-1.261700882787774525e+01
-7.627839284777131468e+00
-2.935007592075928429e+00
4.945028450154904109e-01
-3.700464381272083614e+01
-3.951052646116067990e+01
-2.195751546461114501e+01
-1.951778139395645439e+01
-2.025310049472295759e+01
-1.666518222895040680e+01
-1.254054908692040726e+01
-1.266800971577646351e+01
-5.329778430869246186e+00
-9.310278170139614673e+00
-1.834949562192668182e+01
-7.218456681095863914e+00
-1.400526435937553948e+01
-3.896600830884145772e+00
-1.094631334082157714e+01
-1.616364035513051434e+01
-2.069243334877733531e+01
5.967061788651097487e+00
-3.592486083043212597e-01
-9.713881096507281043e+00
-9.757063930661603379e+00
-1.045780441124137816e+01
1.386749368903995894e+01
2.779279323141785696e+01
3.302411299747841866e+01
3.352322747488531718e+01
3.299032337503710721e+01
3.041052702439070643e+01
2.488098099839942989e+01
1.651638725783963224e+01
5.201273830549835608e+00
2.414626431882268331e+00
2.969062901584207381e+00
-1.367135151541048477e-01
-8.927648977949980136e+00
-1.150739439472807391e+01
-7.499647202992824724e+00
-2.211242413841626675e+00
-3.117219795512644609e+00
-6.723432139935972884e+00
-9.594476375983347349e-01
-2.379633670180012928e+00
1.944642404163212879e+00
-1.524044400394161869e+01
-2.358026757300942577e+01
-2.696879808235265230e+01
-2.507245579982826555e+01
-2.545484460097863177e+01
-2.454502553629832207e+01
-1.915278623866871044e+01
-1.089501247940077278e+01
-1.386746782719142645e+00
9.476720401280031680e+00
9.574009076250389327e+00
5.631141961744560831e+00
9.942554435967061011e+00
1.824269299690424262e+01
1.920701215492487890e+01
1.392696724953906795e+01
2.200243410371864172e+01
1.113572554815337767e+01
1.185335435544763349e+01
9.046683018509575902e+00
1.940862529383964086e+00
2.078420313691382137e+00
6.698754876047311235e+00
-1.833149634839781328e+01
6.585511371887909249e+00
5.872831874560892729e+00
1.177645043266085345e+01
9.157409187238981119e+00
1.515546712954678910e+01
2.441842178670665386e-01
1.808970505274124063e+00
1.045183561244024872e+01
2.531488672125634309e+01
1.776675610002782335e+01
2.175304877626929034e-01
-1.280568327372774107e+01
-1.984537334088762961e+01
-2.099070103314280189e+01
-1.800974516382653334e+01
-1.694940753389908039e+01
-2.231540334434555461e+01
-3.251038612974247854e+01
-3.300874503622646472e+01
-3.298297858142760930e+01
-2.357822114234118516e+01
-1.895836333094153758e+01
-1.230306379568626340e+01
-7.389392232547706385e+00
-2.989361144997260578e+00
-4.891747143860256664e+00
-4.243991074007479369e+01
-3.279765119258316020e+01
-1.902461141903259545e+01
-1.709306499650410771e+01
-1.920683252406923813e+01
-1.486477471375365411e+01
-1.816667463850689046e+01
-7.984126553235451063e+00
-9.452395695769922668e+00
-1.808934411974910006e+01
-1.520085108140995267e+01
-7.366725369974822968e+00
-8.225539229947573361e+00
-6.939025395488968684e+00
-1.209461823533491831e+01
-2.069492890288981357e+01
-2.507461882124945873e+01
-1.310534696250901021e+01
5.901455202857137650e-01
-1.526532703907703059e+01
-8.276125580195699882e+00
-8.428604835338544987e+00
1.883695545913491287e+01
2.756471168367655977e+01
3.230341260719692542e+01
3.450137367747931449e+01
3.154677809891588325e+01
2.966633353139902596e+01
2.356254428251250133e+01
1.464145502657660280e+01
2.515498123740090186e+00
8.781401915456931162e-01
1.072260553825445717e+00
-1.551093834255289794e+00
-9.849433699085510696e+00
-1.364338327926628835e+01
-4.006286754562004226e+00
-1.639649989318514578e+00
-6.362846575787298731e-01
-9.750795582423380736e+00
2.686170939746505670e+00
-2.212788426178327494e+00
-1.368012096584364556e+01
-1.696869897999350485e+01
-2.006570232796870457e+01
-2.427604419940866265e+01
-2.572009563418006550e+01
-2.533634590342247250e+01
-2.344949247144307947e+01
-1.780847397131632803e+01
-9.800116108096036172e+00
7.244781258789720901e-01
1.067383470257507305e+01
7.336809965213348939e+00
6.133428866679849101e+00
5.251898934212189118e+00
1.103469326256652394e+01
2.734909219913853562e+01
-9.680207597516851337e+00
3.180210278853957107e+01
7.366542180719847899e+00
7.195412677763277642e+00
7.470402435177057043e+00
-2.855864336860270747e+00
4.748532063239276013e+00
1.891896646121284675e+01
-1.828557306321199860e+01
1.091958870537942827e+00
7.896932523589277331e+00
1.227822504106315726e+01
1.176048872326185624e+01
1.546241572848088452e+01
1.220784527064088465e+00
4.650473573942839778e+00
1.489762438598615546e+01
2.558316725167399852e+01
1.334980822660147837e+01
-3.015256765173654152e+00
-1.514897085074315797e+01
-2.093737296512122370e+01
-1.855755323370323850e+01
-1.076888583583121495e+01
-1.689576795322654590e+01
-2.496268256389232221e+01
-3.452402744279938673e+01
-2.706269945033040969e+01
-3.648129712476425368e+01
-2.082179599652039670e+01
-1.399486248753738238e+01
-1.089190691826424029e+01
-5.831059371466610131e+00
-2.329628352228725330e+00
-4.940351552917550126e-01
-1.344084294398484403e+01
-2.736303614353905900e+01
-2.065008781830166384e+01
-1.845987728797021887e+01
-2.296021541238420483e+01
-1.400266420885419727e+01
-1.658040863919017482e+01
-6.936586854392563950e+00
-6.378534865170946588e+00
-1.910708416476922977e+01
-1.343402351186693267e+01
-1.308537953031623147e+01
-3.348158778954640535e+00
-7.090764065170679586e+00
-1.331772462303923454e+01
-1.841238416388263843e+01
-2.434525794879363492e+00
-2.673452553203769178e+00
-6.876988143863282943e+00
-1.875167721891112693e+00
-4.778375658992451314e+00
-2.143525112106952957e+00
2.096656024052888867e+01
3.166594810841277052e+01
3.182550774221083856e+01
3.400728179044939736e+01
3.131039188359409664e+01
2.879514511289311685e+01
2.207688549881790863e+01
1.227799875426702769e+01
1.064519164537369167e-01
4.323071787873432825e+00
3.239998680405417719e+00
-3.500781991786693581e+00
-1.040734008966647473e+01
-1.545392935230443854e+01
-1.375511888503441416e+00
4.788865699548129351e-01
-7.360813902610307657e+00
-8.618927414818955413e+00
4.598144452104121704e+00
-1.856972400621782038e+00
-1.492160493753192085e+01
-1.862324076095144321e+01
-2.188515679571419170e+01
-2.429450739142313864e+01
-2.619348989008685891e+01
-2.520757978323726078e+01
-2.257395073677407282e+01
-1.648020874460563334e+01
-7.666131359005857959e+00
3.079448744379857050e+00
1.437215500836459725e+01
5.187185524281921367e+00
7.051972000506529170e+00
1.232687595000638936e+01
1.333067893394938963e+01
2.111287357444945556e+00
-1.320373210856184976e+01
3.816271150305585280e+01
1.464254973014311734e+00
-2.723295959359564034e-01
5.672338821251097229e+00
-2.512897263334874509e+00
6.413582485764780294e+00
1.344895729477887381e-01
-2.733643971218486257e+01
1.185664842885147685e+01
7.376424041809141130e+00
1.305001162999170283e+01
9.652126502056995960e+00
1.367219046065577714e+01
8.601157783471389262e-01
6.684290766962312169e+00
2.188439360099151187e+01
2.078976220859711432e+01
2.466327209310164914e+00
-9.023793739094086774e+00
-1.647586528068677225e+01
-2.308188089712919933e+01
-1.948777464227714873e+01
-1.641977651650569925e+01
-1.871221396767047906e+01
-2.520043920541712268e+01
-3.357432895589446531e+01
-2.929484819751904823e+01
-3.335583359978601692e+01
-2.098652285555659702e+01
-1.513598439805568496e+01
-9.715178847773206172e+00
-5.187826831209682688e+00
-2.389089670484221273e+00
6.741844017592706073e-02
-4.275362713359401567e+01
-3.397775495470711604e+01
-2.033050925320110736e+01
-1.712695487492355184e+01
-2.053997181290327489e+01
-1.649373871963201665e+01
-1.299354767983118464e+01
-8.137594617909272188e+00
-6.341786766474700521e+00
-4.653034033425709737e+01
-1.174682293960293755e+01
1.998609273200283143e+00
-1.124079599534105256e+01
-4.858472940707095233e+00
-8.012051853525315792e+00
-1.508522898133280954e+01
-2.305848352703429072e+01
-2.352820866337340178e+01
-1.133718690740369262e+01
-6.093076795591101380e+00
-1.321526301801145742e+01
6.763775303833555741e-01
-2.060182649463089710e+00
2.042624684764854948e+01
3.123972930205446730e+01
3.411734274072011885e+01
3.598531698623293806e+01
3.354583373987845363e+01
3.071217416430067360e+01
2.431284260876846659e+01
1.457401667165395054e+01
-3.112287350431359734e+00
-2.351835674748139482e+00
1.090219052982176962e+01
-2.538805509339326250e+00
-1.169330333730006011e+01
-1.202423513718033021e+01
-3.797065053569649518e+00
-1.664571124906426114e+00
-1.604834483334268924e+00
-1.039708578640456516e+01
-2.326139992732734196e+00
4.258654891805826459e+00
-1.217108074628247394e+01
-1.970314429728110284e+01
-2.207095515286847132e+01
-2.676010993591615517e+01
-2.712095506965685843e+01
-2.549089737635406294e+01
-2.432003717661416786e+01
-1.870068808671233640e+01
-9.760480896036666465e+00
1.248416733481765961e+00
1.303049463790265960e+01
9.174921627677408154e+00
7.781089899098775575e+00
1.053063655231269458e+01
1.333395521218842816e+01
2.703424644624873707e+01
-5.440971762549009050e+00
2.007860561189796300e+01
2.049263757875851244e+00
1.047428697557515243e+01
7.907794980064783985e+00
-2.392594482441627424e+00
5.135257640342798524e+00
7.266774977502600485e+00
-2.016897928998354672e+01
1.535230396905172867e+01
9.060264093461539048e+00
1.109543956680431798e+01
1.025782411185706522e+01
1.441074442671050004e+00
-2.744650796929830050e-01
5.403007536848794423e+00
1.649180420130543823e+01
2.293061446011889970e+01
7.972743763865273614e+00
-5.255414958531859249e+00
-1.492727226606889879e+01
-2.285445588036278863e+01
-1.542104479380844673e+01
-1.324423890033505558e+01
-1.795641547732689958e+01
-2.105904014379424538e+01
-3.382003658247794675e+01
-2.764926234558321383e+01
-3.291076724877188298e+01
-2.272325472977254179e+01
-1.486730988324483427e+01
-9.398830239385725704e+00
-4.877260383915469788e+00
-2.433121653786084249e+00
-2.446070965438995160e+01
-3.673252360086928547e+01
-2.698415515610630777e+01
-2.109208692627243664e+01
-1.713511575457032876e+01
-2.109418095632917201e+01
-1.561801375136190195e+01
-1.219468614877608026e+01
-8.811141128905010333e+00
-3.701731540290224665e+00
-1.338256724527744623e+01
-8.046841359349010681e-01
-1.166800978545185252e+01
-3.857630911069235835e-01
-9.344035397468884341e+00
-1.577789673151416494e+01
-2.091154564284638084e+01
-4.781986576260303323e+00
-5.958830641445039156e+00
1.169400938306212012e+01
-7.303119265328465559e+00
-9.620442575558772802e+00
2.465687141734613230e-01
2.375253306123253338e+01
3.497464583347337452e+01
3.388159929834324657e+01
3.491078599878764521e+01
3.326695451679087512e+01
2.976715864475366047e+01
2.265197647704151152e+01
1.189005345104260059e+01
2.871784698035425354e+00
3.649026712918209014e+00
1.966602976405594339e+00
-1.496599178669126617e+00
-1.035266663754225647e+01
-1.189770400473558531e+01
-3.355730622128782148e+00
-4.309809019873121372e+00
-1.023540424700890128e+01
-4.554820557428513439e+00
-2.892951577964635757e+00
-3.606030115220637100e+00
-1.589046999921447068e+01
-2.068468986656694142e+01
-2.386795042625975327e+01
-2.672596983863876474e+01
-2.783402796273224311e+01
-2.618655490047956391e+01
-2.356223723564982464e+01
-1.720646265374637096e+01
-7.414677603164113506e+00
3.553580371634172508e+00
1.187777171742419391e+01
7.989779559093626915e+00
8.633703412736341676e+00
1.351846934564821900e+01
1.867621451702812507e+01
1.220794960026275611e+01
4.161733477803655212e+00
4.253465922910886121e+01
5.895916393108591613e+00
9.698127211401379455e+00
7.813696031614354887e+00
-8.132494852712337519e-01
6.631727936498137410e+00
3.702179457165602372e+00
-2.687438939085629031e+01
1.361367880942390585e+01
6.798616746920536080e+00
1.323461627523411366e+01
1.043335109259754567e+01
1.499576694898295259e-01
4.443068400828704134e-01
7.886104897964520966e+00
2.325973409629489197e+01
1.596830618126403323e+01
-3.437741182110940930e+00
-1.129809913375299679e+01
-1.732850318236652143e+01
-2.530929797572698092e+01
-1.271076570087799951e+01
-1.808519761713952079e+01
-1.776457274404597797e+01
-2.755873676253651539e+01
-3.132971789712710375e+01
-2.862354557096926300e+01
-3.052655690992388315e+01
-1.895998815859275766e+01
-1.495530061741998296e+01
-8.502145040382020014e+00
-4.418182781420099126e+00
-2.181262329326333571e+00
-3.362712467838223063e+01
-4.210635700921745439e+01
-2.269872489770422419e+01
-2.087090760244708676e+01
-1.922621875901418775e+01
-1.827130160154210969e+01
-1.372116023685911657e+01
-9.815353630394241691e+00
-1.213154666904106627e+01
-9.648550419725712146e+00
-1.154570244831776193e+01
-2.799402485092158610e+00
-9.821732708219016672e+00
-4.199696864797235918e+00
-1.103795673678883915e+01
-1.970194547019982778e+01
-3.235404545282973743e+01
-3.015901581057097403e+01
-1.671914935907479105e+01
-5.498462914559932635e+00
-1.848397532358146833e+01
-3.007452688382739048e-01
1.094601519598242056e+01
2.496705135175394474e+01
3.453009250369691330e+01
3.422489584225591130e+01
3.464763175242290316e+01
3.280046077727828902e+01
2.808777486591527150e+01
2.089611313927595049e+01
9.872819382933414545e+00
-3.316584789772181185e-01
1.173556872526387629e+00
2.549223906678324880e+00
-5.432098607177275440e+00
-1.445398888043733088e+01
-1.056240999160487881e+01
-4.821261228151724865e+00
8.012357929879675211e+00
1.314444509120692883e+00
-2.437733789272188645e+01
-2.247389403326185864e+00
-1.522193831407946440e+01
-1.998112324902930581e+01
-2.055832014276051467e+01
-2.365391245668103792e+01
-2.644057596142812017e+01
-2.904448938741228048e+01
-2.555993294694377482e+01
-2.258241261214956097e+01
-1.545684355732436188e+01
-4.932905814643814502e+00
6.472137733104529111e+00
9.585660016049581955e+00
4.385019625663953313e+00
7.158922398801776943e+00
1.400194012449939329e+01
2.478853931158588608e+01
9.549817456123360415e+00
2.813421991216023699e+01
2.244880402628114524e+01
8.652012116920674956e+00
9.256844633988535520e+00
-2.387085360139070023e+00
7.801888219117240730e+00
7.117017570750058475e+00
8.283366947135235137e+00
-5.242024854580701287e+01
6.738450293556120130e+00
1.459872668268608820e+01
9.677506093066785553e+00
1.118561994287105144e+01
2.230185219914933459e+00
8.908205777671550640e-01
5.826781019737614642e+00
1.349655472825463498e+01
1.755926996675492546e+01
7.731381762571279737e+00
-8.722718153036474575e+00
-1.710828535026983133e+01
-1.704407299846776880e+01
-1.545398697266414167e+01
-1.491290043206907789e+01
-1.926318787583810277e+01
-3.077859155149050707e+01
-3.353742136255737449e+01
-3.203871519970608972e+01
-2.621510138704441317e+01
-1.738567859664650683e+01
-1.111697965285938849e+01
-7.358722777828674566e+00
-3.471159478240499752e+00
-1.549181105715202067e+00
-3.651304828357555010e+01
-3.562469913166739133e+01
-2.252403015898764238e+01
-2.087707911629349411e+01
-1.995748680107358553e+01
-1.650230901412197326e+01
-1.032438285285676294e+01
-8.598274047676630616e+00
-6.366711741872915553e+00
-5.473589905047830939e+00
-8.234238771881871699e+00
-6.114139315694843368e+00
-8.930991572928373756e+00
-1.130981077307075644e+01
-1.122467613840493605e+01
-1.662798853196745341e+01
-2.536819656244370691e+01
-1.284012775951821084e+01
-1.546085192387669238e+01
-1.126485296670766623e+01
-9.127291508102231887e+00
-1.344158908880919512e+01
1.487096058820186784e+01
2.681711526976099336e+01
3.434846749459487114e+01
3.542331246158540381e+01
3.386863879161533220e+01
3.236083040699716662e+01
2.724970805881875080e+01
1.886830864064926772e+01
7.370170246614731191e+00
-1.941428478419132464e+00
3.871420491642943329e+00
1.242684863460526978e+00
-6.745110053984701537e+00
-1.613533267609563637e+01
-7.737891149773111543e+00
6.689686984981674245e-01
3.594706363177794461e+00
-5.057338434075098199e+00
-1.472062083420033041e+01
-2.506356190893326286e+00
-8.842303387768774670e+00
-1.628808234176596059e+01
-2.370043610462802519e+01
-2.792236941192031807e+01
-2.673278623234303808e+01
-2.716770918494682263e+01
-2.594921049923654621e+01
-2.121510118511039522e+01
-1.325256582372107239e+01
-3.265673368799459908e+00
7.507359845303993140e+00
1.022756584768579913e+01
7.965323560394270253e+00
1.017022627311260763e+01
1.633420415929023761e+01
2.038775664104018404e+01
2.385797354760382660e+01
2.062718495648387318e+01
2.166357104770634479e+01
9.991909860092679452e+00
8.064262172835205078e+00
7.477496220107171521e-01
2.315489021971978811e+00
1.195580087479352827e+01
-8.613694380865732469e+00
3.981022996045287243e+01
6.080207221839295961e+00
1.304910801350691685e+01
1.492005279154746589e+01
1.104587207182678554e+01
8.081585044954490149e-01
3.563684979762975491e+00
1.179912371728042153e+01
1.820724225660950779e+01
1.223752017048272300e+01
-7.206929413418696750e-01
-1.211772831668655392e+01
-1.910435209620973751e+01
-1.436318244604137639e+01
-1.497291146725859079e+01
-2.149980822411360037e+01
-2.121110369167578824e+01
-3.156346191729185335e+01
-3.677793130473703087e+01
-3.796535123828167002e+01
-2.328664301534616143e+01
-1.462380964913432102e+01
-1.191957376160687510e+01
-6.668437628040942755e+00
-2.093418309682796963e+00
-1.260791614882921463e+00
-4.338446647823479196e+01
-2.773537005972682579e+01
-2.481094786625237703e+01
-1.959949073407084796e+01
-2.200688440570711180e+01
-1.591513251861559475e+01
-1.716906938739671418e+01
-1.204415370931618767e+01
-3.486093264434480421e+00
-1.907608174341771345e+01
-1.790319604181336999e+01
-9.308276899437437635e+00
-7.196150299281722340e+00
-7.328605693920015263e+00
-1.215913191906287771e+01
-1.991272721579277061e+01
-2.331108630173801544e+01
4.381857675972454125e+00
1.828342561791066245e+00
-6.962963954537621625e+00
-1.072431537638913923e+01
-1.022175682353020498e+01
1.740813401893055001e+01
2.970713036196570656e+01
3.416772503998672761e+01
3.608777749962828807e+01
3.366373205456529405e+01
3.153083858915524829e+01
2.588813181951461218e+01
1.686401203486663292e+01
4.535456706087379608e+00
-6.358713593733440916e+00
2.903972586340993089e+00
-8.691843848495294234e-01
-8.847447217619384574e+00
-1.466527300871341311e+01
-6.555339923592318208e+00
1.575138336321295629e+00
-2.879587206296165380e+00
-8.850705806963730993e+00
-1.013223759881299735e+01
-1.561612449754219645e+00
-6.210750737036393687e+00
-1.829407415155545991e+01
-2.458201425249020744e+01
-2.594619605913696248e+01
-2.639823422753442017e+01
-2.627551052887689309e+01
-2.526250260958108740e+01
-2.013182960649318076e+01
-1.149059666757882958e+01
-9.894240169509397331e-01
1.062558521025593983e+01
8.978861912810518930e+00
7.637866496386370940e+00
1.182653177029941105e+01
1.532405428720141849e+01
1.805509028016211914e+01
-2.276246242717307577e+00
3.160869445625095508e+01
1.407076452654994192e+01
1.163160473449433496e+01
7.868328078190546471e+00
-2.802651364491175023e+00
-2.494377968141413326e+00
6.374339537219269047e+00
-1.825762052665015034e+01
6.236016175462935074e+00
7.080972191038566343e+00
1.197247890067848708e+01
9.841827908691257676e+00
1.071181014028163858e+01
8.866189717331298681e-01
2.761716211772969665e+00
1.215298244408313799e+01
2.341774563656032271e+01
1.322438356591679565e+01
-3.272689946046125176e+00
-1.542709559581022383e+01
-2.100537507937101367e+01
-1.791614227932198489e+01
-1.648070536052334845e+01
-2.329643323592093651e+01
-2.367248082526878861e+01
-3.446612690562050574e+01
-3.854259477670344580e+01
-2.768786739983681855e+01
-1.985645481512121435e+01
-1.634780102316526396e+01
-1.102524782017293425e+01
-5.716355963002341944e+00
-2.237728742061481313e+00
-3.366934818285425735e+00
-4.598112499401807440e+01
-2.967938358544433441e+01
-2.081127735932266631e+01
-1.757599007064217389e+01
-2.046226186383714207e+01
-1.389802544129523731e+01
-1.786054026508094239e+01
-4.564982879968866314e+00
-6.125684954614189159e+00
-1.256496237661747095e+01
-1.546410854387323752e+01
