# x [pc] 550myr: 
1.500000000000000000e+01
3.482759877922340053e+01
2.889654467689033979e+01
1.661979598570005479e+01
1.325394904246368455e+01
-2.238147616525663963e+00
-1.407447062713203856e+01
-1.740238437091697321e+01
-7.468540719666719951e+00
-1.360163043405523275e+01
-1.574993919641368301e+01
-4.829979957266687940e+00
1.560302279875782361e+01
2.211531001446381239e+01
2.824512906900848108e+01
3.030567149212468436e+01
3.326155479812732096e+01
3.154072381297593353e+01
3.280931644612011411e+01
3.483192111794051016e+01
3.599872255245284691e+01
2.540354060495716126e+01
2.383843326132456752e+01
2.291369056092954892e+01
2.453799529890263997e+01
1.620038743331883424e+01
8.904496969852811361e+00
6.049395024068590310e+00
8.382686008239870645e+00
2.379893809547480199e+00
1.748692884589704732e+01
1.599917667216633710e+01
9.205821622141035832e+00
-1.223474776581856638e+01
-3.240831805696193868e+01
-3.452965100505422669e+01
-2.870194349338722972e+01
-3.583381421922143772e+01
-3.439361764607915717e+01
-3.530566804085160726e+01
-3.555400220925503163e+01
-3.348354859712371479e+01
-3.305201136131770312e+01
-2.771643686524373607e+01
-1.630961889534288289e+01
5.658342308710859747e-01
2.238902608965346097e+00
9.676428570956151276e+00
1.080772289817319098e+01
1.595158954479849278e+01
1.106867472075809111e+01
1.606424420377307882e+01
-4.247151942105276134e+00
-6.083624109435484262e-02
4.368242934924942311e+00
-1.413301764597767018e+01
-8.775829926962638083e+00
-2.090996088357109528e+01
-5.910690716442350556e+00
-7.255309657742835538e-01
-2.866964041930731621e+00
-1.266092848816778549e+01
-3.579472716480408323e+00
-3.269028876719760746e+01
-1.768896852430582811e+01
3.155885705856881174e+01
1.476606890132095806e+01
7.539403988234671061e+00
5.690581114139074081e+00
1.525869616548104446e+01
1.514585057848973548e+01
2.442142546662002900e+01
2.375363680638552211e+01
2.419347570495582289e+01
1.330696460472684173e+01
1.771114149819659200e+00
-5.096942876642656550e+00
-2.947416517904021926e+00
-1.644241480339522354e+01
-1.876720437478238068e+01
-1.870037692922163686e+01
-2.161774537776147653e+01
-2.734106360415932357e+01
1.414992089783068252e+01
1.299685620738642555e+01
2.413153623789120683e+00
-6.501150144038714274e-01
-1.152586850614290448e+01
-1.500482505862211902e+01
-1.312217537498734821e+01
-3.543541680762694313e+01
-4.711781111047994131e+01
-4.042442544515755465e+00
-2.346908828381762646e+01
3.406839326840269422e+01
2.697687296952791058e+01
1.610252665660186722e+01
1.101389334903760719e+01
-6.668646247555171769e+00
-1.660548289513792497e+01
-1.277174109543608971e+01
-9.453162333486297086e+00
-1.121213250724905031e+01
-1.563417783541375528e+01
5.588607222718178669e+00
2.225881112372662685e+01
2.175504487977676149e+01
2.878453882529834473e+01
3.095539099828829421e+01
3.217499076540276093e+01
3.340913614572028223e+01
3.244635382624250042e+01
3.508425171338895154e+01
3.608304200051950517e+01
2.564727643920652156e+01
2.576922131688949946e+01
2.285196172843732754e+01
2.319569507019362931e+01
1.248726830916844754e+01
9.511322658594060897e+00
7.448249478137680235e+00
7.337376445223943833e+00
9.674115872307828212e+00
1.759673717515509495e+01
1.576700772554655750e+01
8.429393225861096184e+00
-2.053872645175074396e+01
-3.779152663689482239e+01
-2.038250698084637591e+01
-3.266529534737895801e+01
-3.406497252901526451e+01
-3.720393140846056212e+01
-3.629571529562145571e+01
-3.398876101375557113e+01
-3.264042147771336033e+01
-3.247502843729091637e+01
-2.499463008327730762e+01
-1.164672639254575159e+01
-1.156845567271973430e+01
5.871314570393085575e+00
1.125981419211087164e+01
8.837476200852858454e+00
1.789467582374128440e+01
8.583630252711033748e+00
1.127570208057239931e+01
-1.881311406201866265e-01
-5.182668479167342745e+00
5.403207523231148279e-01
-1.351437311940541974e+01
-1.370453478335041098e+01
-1.738234683787112544e+01
-7.510179058469969959e+01
-1.493401142917329061e+01
1.275719298285077796e+00
-2.059594166838204732e+00
-3.373424347859625083e+00
-3.280525720754192776e+01
-4.049944238613179870e+00
2.924701985845626950e+01
1.404657656820226208e+01
8.892704321621954122e+00
1.111286310082616602e+01
1.735170012260525141e+01
1.927712965181529015e+01
2.502151612637017664e+01
2.403112936101875263e+01
2.303376082109632605e+01
1.052278458700500252e+01
8.127220128346666073e-01
-7.061208189783367395e+00
-1.604180839988104346e+00
-1.202149094453455547e+01
-1.995776825324254133e+01
-1.923022560486193555e+01
-2.231832955704529198e+01
-2.898558078442508190e+01
1.608174765904691128e+01
1.165609168087735270e+01
8.369968745622164974e-01
-1.427770347224194492e+00
-1.726799839548077742e+01
-9.250719914979777414e+00
-1.115328585585339027e+01
-3.124023345430503440e+01
-5.057584704168448297e+01
3.542210632197080766e+00
-1.754995056991276670e+01
3.313813492256409887e+01
2.482821310611865684e+01
1.262656749522955124e+01
8.202941218186722949e+00
-7.089741004803595814e+00
-1.817214027020989064e+01
-1.367440807590317142e+01
-2.324085715944017494e+01
-1.120868342496051895e+01
-2.243575533251753029e+01
1.005459557971931339e+01
2.032265989701728515e+01
2.295744708550607882e+01
2.880201122160746152e+01
3.171477877211162522e+01
3.136919876491208115e+01
3.341765435112160532e+01
3.347385294998737493e+01
3.534115681675292819e+01
3.604055514746419675e+01
2.444762843705829525e+01
2.686868902464215836e+01
2.379035665417811884e+01
2.146792394694077544e+01
1.001118059080755884e+01
1.122563205952721965e+01
1.025144770408573969e+01
5.896766813778254068e+00
8.122999161969293169e+00
1.703937547283703324e+01
1.630809819832090213e+01
-8.522160351311669491e-01
-2.752437758986325989e+01
-2.463522007574702144e+01
-3.439483925553901855e+01
-3.384217397302358421e+01
-3.321351472823376838e+01
-3.696884126818243033e+01
-3.651647017628042846e+01
-3.322488985608989509e+01
-3.410612710852048224e+01
-3.163759190530057097e+01
-2.429384440482905561e+01
-7.837893251315867005e+00
-1.014293256174453006e+01
7.446768834758877631e+00
8.678047736402344725e+00
1.362464857118977335e+01
1.362441851465286824e+01
9.574505190713706426e+00
-3.026546464299419092e+00
-3.383126734756744636e+00
-1.384844561483787873e+00
-9.076942721996212882e+00
-3.060039927668551041e+00
-1.611603169032391136e+01
-1.779628173441285810e+01
3.102072272875597836e+00
-3.839082621712111010e-01
-3.486617441801217243e+00
-3.151213978864122467e+00
-3.995319212320346036e+00
-3.545998095552300100e+01
-3.106522053543721018e+00
2.833206573152133601e+01
1.308743922545885141e+01
9.253371628258680204e+00
1.099813938695895210e+01
1.631462821686055875e+01
2.470689213142425444e+01
2.366728260972396569e+01
2.371117880559899049e+01
2.109938313736243742e+01
7.513681664596144394e+00
6.187191009061066699e-02
-7.036284421162101843e+00
-5.141199310299707115e+00
-2.143354056779836725e+01
-1.788327454755392765e+01
-1.888257456881986585e+01
-2.384760137605440278e+01
-2.969247271859618209e+01
1.194501389279778358e+01
8.801550490558456730e+00
-2.619009055965773047e+00
-5.613525132775634141e+00
-1.937002860559730166e+01
-1.325902704054361614e+01
-3.607949258890073452e+01
-4.167136095410451446e+01
-3.211678997117891043e+01
5.673319983254622834e+00
-1.849519052347560333e+01
3.196920502321154700e+01
2.229204778231948225e+01
1.293309943515318494e+01
4.792081960055346812e+00
-9.851218848655323157e+00
-1.125371756978449511e+01
-1.295607860117428167e+01
-1.651892785291113341e+01
-2.336623703001339791e+01
-1.287447507852098560e+01
1.706810950446211450e+01
1.886779721265904541e+01
2.409183596551350703e+01
2.911176436424743130e+01
3.222673452626103341e+01
3.123312530309286217e+01
3.337050812691080637e+01
3.410133062133935766e+01
3.560328894813744682e+01
3.582406901037971636e+01
2.347022863129286918e+01
2.717290385231649097e+01
2.439633588385533969e+01
1.969902714471111338e+01
9.759300249827102647e+00
1.058958153334450181e+01
9.627702953696818611e+00
3.339989396300644842e+00
1.366856425309910250e+01
2.477239982459657597e+01
1.617338874189472264e+01
-1.032134678373675918e+01
-2.346710652370127548e+01
-3.211098593243134047e+01
-2.820929537638683371e+01
-3.018822498188209380e+01
-3.269114537207724425e+01
-3.647027883861822062e+01
-3.640268719384335583e+01
-3.328525489717659269e+01
-3.403687137835757426e+01
-3.063198724981701204e+01
-2.197810335316138719e+01
-1.577763810212384099e+00
-9.355192713827799267e+00
6.194242171464951596e+00
1.542006489860488649e+01
4.760627961541030295e+00
1.678530908733925031e+01
1.119339230892713744e+01
-1.972266676285622689e+00
-4.873528796653318729e+00
4.326430101297497055e-01
-1.055592161766622183e+01
-3.825712900605284794e+00
-2.574966130299781497e+01
-1.379052837036581991e+01
-8.007812177207903614e-01
-5.699337513530180477e-01
-2.012951582375146042e+00
-6.068660146583082060e+00
-3.653275357694388603e+00
-3.531914900408020230e+01
2.458371168388220340e+01
2.225157535604451553e+01
1.077244259788922243e+01
8.371778989101031243e+00
1.158305857147097662e+01
1.624320040616104421e+01
2.385721999189540554e+01
2.338527177341403984e+01
2.430000130240009426e+01
1.872337559599888834e+01
5.099539007348808717e+00
-6.692243643827708866e-01
-5.352007966025984942e+00
-1.015789217825452084e+01
-2.139218805804970103e+01
-1.770191796875109347e+01
-1.971287744753715643e+01
-2.489414673026387348e+01
-3.181307315507346800e+01
1.366311463981485019e+01
5.850226430028462765e+00
-3.054881533667091364e+00
-7.402449983774019415e+00
-1.504764862925099855e+01
-2.299033663849285958e+01
-3.629201718733583704e+01
-4.689864367419123425e+01
-2.704490806811107362e+01
9.275499086724479980e+00
-2.066760843368444966e+01
3.056303064268439584e+01
1.926400988486550148e+01
1.324552360980455390e+01
1.750138337423671642e+00
-1.290708068263257147e+01
-1.419686216937639323e+01
-1.208266358368349280e+01
-1.793174910545264922e+01
-6.582992593400595283e+00
-7.982873342675198991e+00
9.649183344940000850e+00
2.118622227058152774e+01
2.450067172231042534e+01
2.961902345653982138e+01
3.268253667476970037e+01
3.131504256410751452e+01
3.319766217305187439e+01
3.452714578567456272e+01
3.583569228860583422e+01
3.542046941262665172e+01
2.521819491185360818e+01
2.664453170516821956e+01
2.510600531653385303e+01
1.838946395454478733e+01
9.831666114634035836e+00
9.142791065012191964e+00
7.969637070082931984e+00
8.266645526826955859e+00
9.976474713735365540e+00
2.318477166580725068e+01
1.612202205536355848e+01
-1.385733330735761371e+01
-2.839351006809042133e+01
-2.981023240269444230e+01
-2.787965495442882613e+01
-3.280421889331273633e+01
-3.237358231763437999e+01
-3.630409159644602823e+01
-3.467651410797647316e+01
-3.355284175994844276e+01
-3.385519635977029651e+01
-2.936406975383707874e+01
-1.917188792438858513e+01
-1.017412100199881486e+00
-5.968919653680433868e+00
9.081700943530213621e+00
1.300890762131361278e+01
1.199972014467916992e+01
1.262185174522112519e+01
1.535174205847242490e+01
4.801075987416902890e+00
-5.593389361828915440e+00
3.455411561145231403e+00
-1.367496328279752227e+01
-7.094978240373628786e+00
-2.972662824438049967e+01
-6.586324527629095371e+00
9.517502511158049572e+00
6.706029849508654550e-01
-7.073946338047301552e+00
-2.590560544473061722e+00
-4.064500475237299071e+00
-2.946313659872347301e+01
3.338471942605529108e+01
1.966288683034994378e+01
9.146682010957723818e+00
7.782939954678397498e+00
1.204198223491083475e+01
1.572038892471980098e+01
2.326778413109947508e+01
2.330203228791501857e+01
2.450971828066588643e+01
1.596722718492360293e+01
3.253636518524813948e+00
-2.618061544859665357e+00
-4.048504250745730282e+00
-1.798136579364379273e+01
-2.006044711749203913e+01
-1.792364211973848498e+01
-2.064192594225054833e+01
-2.624606827622795180e+01
-3.346109980383588578e+01
1.422528013292621374e+01
4.448416765554081387e+00
-2.331243500091414234e+00
-8.377680520272821951e+00
-1.725767752950318368e+01
-2.514740968813808664e+01
-3.609814343821091143e+01
-4.415993482309786344e+01
-1.357337385164504617e+01
1.052970570652485982e+01
-2.216174484878087370e+01
3.616550663704461499e+01
3.187105059562152221e+01
2.068737420838105834e+01
1.704616554876061940e+01
3.984967743983782285e+00
-1.266758990817391428e+01
-1.743040768025663922e+01
-1.597838222789044771e+01
-1.305611877436053270e+01
-2.633613346060976923e+01
-1.318875002731819635e+01
1.870139263223979853e+01
2.158385522361636433e+01
2.308849793701595488e+01
2.767637624063243607e+01
3.060602381674494410e+01
3.092263492457356833e+01
3.195978770911337108e+01
3.440894032026295690e+01
3.624610807032353677e+01
1.731220012284170906e+01
2.283243269855381996e+01
2.655888368442001024e+01
2.555368879831601348e+01
2.134242314991847778e+01
1.403178236830564707e+01
9.111811454817114964e+00
1.092343486202265268e+01
6.700497899896741494e+00
1.269292365680044021e+01
1.596555671048682079e+01
-5.432021187868335765e+00
-1.319846568808264564e+01
-2.727678107732788959e+01
-2.885556425022378235e+01
-2.558178009850091428e+01
-3.267254774507766513e+01
-3.277880547336552297e+01
-3.591709480725728554e+01
-3.387748118450537049e+01
-3.481335837141969591e+01
-3.492192042293721244e+01
-3.068763354680046618e+01
-2.118372254382324726e+01
-2.993334759232335607e+00
-1.907302182031918258e+00
8.594407022753584258e+00
1.518433799502509807e+01
1.041966993995658441e+01
1.484649730471825180e+01
1.244050515674065238e+01
-6.022747766565718308e+00
-1.201943385115328944e+01
-5.482174846830519810e-01
-1.136423598603279572e+01
-1.003873518561050027e+01
-1.805437238725552263e+01
-1.681783349699091090e+01
7.147599324123964593e+00
-4.049457408860584806e+00
-3.785431697908311577e+00
-3.436952730162617264e+00
-3.219801214212945695e+01
-3.539035871641768694e+01
3.103887405991324400e+01
1.785488752714870131e+01
9.237177728082068384e+00
8.563991704472096345e+00
1.338102993186225120e+01
1.657377397093772942e+01
2.560593628378420661e+01
2.439699545987401308e+01
2.518419920894438491e+01
1.699231725727285891e+01
2.901952345010490930e+00
-6.623510506650843732e-01
-4.122036814596002685e+00
-1.584552385149605591e+01
-1.781600298647033043e+01
-1.570060244414552919e+01
-1.859312964291025239e+01
-2.461447783491792762e+01
1.117321168598019732e+01
1.495782077259684506e+01
4.821376249106295475e+00
-2.756308894763340067e+00
-6.150153424095501364e+00
-1.787847005421585678e+01
-2.852752711555617893e+01
-3.691820656820773650e+01
-4.937628538661251554e+01
-1.391986539615192697e+01
-2.004489797291130060e+01
3.566819336858765865e+01
3.034113040032090680e+01
2.071817241811556087e+01
1.322606590690970485e+01
9.502620461915217698e-01
-1.555507773791570436e+01
-1.929932145440995583e+01
-1.015551050668986122e+01
9.322586979637874638e-01
-1.478159433021077973e+01
-7.482434651780247137e+00
2.316895988045735777e+01
2.125987196304521376e+01
2.528619432504713771e+01
2.815826158004462343e+01
3.119567450193260782e+01
3.118896486526492495e+01
3.200264147371544965e+01
3.478097273959593139e+01
3.649681479516996063e+01
2.058156882392382414e+01
2.452361917020889237e+01
2.505893885490555562e+01
2.537715240907558112e+01
1.712829888177131465e+01
1.553596679824055471e+01
1.029122690722626743e+01
9.578264586602664110e+00
5.237054630514691667e+00
1.496305410236498190e+01
1.566650525846440267e+01
6.227682070655761848e+00
-1.746231908484253736e+01
-3.003493789084130583e+01
-3.149993067329549135e+01
-3.181384426010717803e+01
-3.000137725373131303e+01
-3.263222719801869687e+01
-3.579772473520053921e+01
-3.389775089406052899e+01
-3.504443118697316351e+01
-3.421742904471828695e+01
-2.939299214765123480e+01
-1.831325594630135356e+01
-5.706458534945054950e+00
6.867151788929998224e-01
9.366581457106310182e+00
1.346230278569174210e+01
1.158964876877597661e+01
1.104476900861993016e+01
1.463485359134620900e+01
-4.578889436318041462e+00
-5.259070578401829010e+00
3.117880901391014703e+00
-1.377736157197478661e+01
-9.808877271405675558e+00
-1.484787547897111004e+01
-1.581497618619139622e+01
9.707831691234833471e+00
-2.711368867427878193e+00
-1.103251110024778825e+01
-4.316633146971934565e+00
-3.573655559817469651e+01
-2.523260500875831269e+01
3.195769468091746290e+01
1.552746190620696964e+01
8.132267419094720395e+00
8.003545593783758960e+00
1.466261810686566847e+01
1.454134394066254110e+01
2.497575848242332341e+01
2.447135476102691243e+01
2.489838654937341644e+01
1.401872354632732787e+01
1.492507575860921865e+00
-3.456070153729410066e+00
-2.828178530697426307e+00
-2.121509142769885159e+01
-1.727219620584010684e+01
-1.611504661936170635e+01
-1.960786058169166068e+01
-2.633005970620032699e+01
1.379839859001361901e+01
1.362351640253940133e+01
2.167008528842683024e+00
-1.517106727139773126e+00
-8.497568878405040493e+00
-1.580989129912742541e+01
-2.111608587065407150e+01
-3.805794395904232630e+01
-4.905292018252489328e+01
-3.199892783027888932e+00
-2.121396357537064148e+01
3.501087816231142114e+01
2.852464080104458688e+01
1.660438352421674324e+01
1.095056454754650765e+01
-3.189051616309054538e+00
-1.677369122574036453e+01
-1.644270889556353765e+01
-1.042986568110723766e+01
-1.614576843724242039e+01
-1.666332097137897961e+01
-3.187100174329129842e+00
1.478275077643504609e+01
2.139028440432980460e+01
2.728474669973780919e+01
2.868389624194655596e+01
3.069021931077599774e+01
3.167212877965567941e+01
3.285227347888846339e+01
3.514372073859975387e+01
3.663526344830164305e+01
2.045219766373918446e+01
2.481180149064688578e+01
2.365957880048481954e+01
2.464296901213250024e+01
1.555291262253803986e+01
1.650854182860590313e+01
1.195260023195266363e+01
8.589827938533165508e+00
1.244830521453331507e+01
9.534580134507507410e+00
1.628428604864267371e+01
8.503331347172585097e+00
-1.793887944274565527e+01
-3.074867764227442635e+01
-3.341830230197025742e+01
-3.362367893014477005e+01
-3.433008056082604753e+01
-3.616946674401572892e+01
-3.418191510552333767e+01
-3.337238783630049710e+01
-3.341805511535652329e+01
-3.349145297360828266e+01
-2.784657815644487400e+01
-1.477762394253099565e+01
-2.788471459468728764e+00
3.472495989846544617e+00
1.063031302532035127e+01
1.126231905515705733e+01
8.583095240969914386e+00
1.095870587039085109e+01
1.366254486378851851e+01
-1.955645788243056460e+00
-8.504299822342694881e+00
3.640343315806228386e+00
-1.110575547281003139e+01
-3.784600185655056404e+00
-1.667641616557871842e+01
-2.984761644636276756e+01
-6.245402749038995616e+00
-5.790667659953243174e+00
-9.435512809569832626e+00
-3.356175589013552063e+00
-3.745818832998503467e+01
-2.551476137527482635e+01
2.733833847926820582e+01
1.201514657896921001e+01
7.010068062442335268e+00
6.145902345180794590e+00
1.403368504583110088e+01
1.523728152284876813e+01
2.529037082570559036e+01
2.475417770266360762e+01
2.411004914802982313e+01
1.089441188319495168e+01
6.859571882037518442e-01
-5.027234838184901022e+00
-9.163391903451176823e-01
-1.867116860764705777e+01
-1.695566424671540418e+01
-1.660820563907568470e+01
-2.065671902075915511e+01
-2.764167350925776745e+01
1.530756269124167623e+01
1.311742164746661921e+01
6.950445769087056913e-01
-2.265515812830199149e-01
-1.127097324097723430e+01
-8.112713641231266593e+00
-1.796166324454796737e+01
-3.143995531149289135e+01
-4.951620268015002324e+01
3.348652352371704222e+00
-2.053212192341522169e+01
3.417572443333203580e+01
2.643851411746574698e+01
1.606431989372823566e+01
9.207191093610518351e+00
-2.718044860884613723e+00
-1.667172694593065785e+01
-9.967522458712162248e+00
-2.068426275167310990e+01
-1.150300985314774493e+01
-1.727632148443905180e+01
8.244964148022749129e+00
1.239839925415361144e+01
2.256349505454962667e+01
2.718471699440713252e+01
2.927832877873241202e+01
3.057450595340441168e+01
3.192642448794411791e+01
3.349616450880942864e+01
3.553145851939741817e+01
3.663899370685960122e+01
2.330006505522646520e+01
2.594402842656536023e+01
2.338837677348403687e+01
2.365957627629035187e+01
1.530862918687164509e+01
1.391518731726883118e+01
1.271440505528586229e+01
7.680662373466564219e+00
1.427421367698068089e+01
2.202221296263756045e+01
1.594508681929851512e+01
4.210468326366232361e+00
-1.000780543052057148e+01
-3.076323186504552964e+01
-3.317645956068727742e+01
-3.067731410009373505e+01
-3.345378508199185319e+01
-3.649416179732456555e+01
-3.556571369028513629e+01
-3.403229480639333815e+01
-3.503502544240644312e+01
-3.275419072818810662e+01
-2.595404205104578210e+01
-1.117846061532474700e+01
-5.844530290166518149e+00
4.549441552526678478e+00
1.179595473345519174e+01
8.559784886291142314e+00
2.163544350083266821e+01
1.063748110718587014e+01
2.750747862573025060e+00
-6.893979511804646521e+00
-3.047688656217411474e+00
-9.270845967532584941e-01
-2.246862686578674939e+01
-1.083033775797696308e+01
-1.624590047035259843e+01
2.749484937946222018e+01
3.660386578365192101e+00
3.961546744033848655e-01
-8.000250463314824145e+00
-6.577436489134754538e+00
-3.836190022937663713e+01
-3.325707519266013179e+01
2.736345594105569745e+01
1.174966165020056685e+01
6.962067559824620666e+00
7.990783403318973299e+00
1.631128000990891636e+01
-1.146793528156972819e+01
2.537660869851636392e+01
2.492154156255614339e+01
2.249916885986448989e+01
7.641776622973691424e+00
8.328732534848893865e-01
-5.413830070011545814e+00
-2.193921369239549168e+00
-9.667089418478449048e+00
-1.719770296954253297e+01
-1.673648594748044971e+01
-2.118349870435377369e+01
-2.890966117817356462e+01
1.820174009661948844e+01
1.119699809029775217e+01
-2.570160808570053912e-01
-1.794126492197299028e+00
-2.389882577828453236e+01
-9.287590785520473347e+00
-2.704933273062665933e+01
-5.561470140160102460e+01
-3.959994730802945639e+01
2.963917508588620908e+00
-1.578527525248766139e+01
3.314129921827383640e+01
2.381221081502626902e+01
1.754284726933200389e+01
6.644351705338901404e+00
-7.092373334722998912e+00
-1.994016114065389189e+01
-1.797981111586647174e+01
-2.070851379074939302e+01
-1.814961716783185253e+01
-1.499767142542927445e+01
1.217390707957157225e+01
1.619011933703969675e+01
2.278139452643502594e+01
2.730903260755566819e+01
2.987981218670706340e+01
3.064444621421673887e+01
3.204802092707817707e+01
3.399088017517100013e+01
3.590682859437453089e+01
3.648662143223813814e+01
2.129517723420715214e+01
2.604083851674572614e+01
2.520299157283665892e+01
2.231369750220747150e+01
1.438822428258508523e+01
1.188325824151174714e+01
1.051484124484561100e+01
5.249423115488644598e+00
6.054330037863993930e+00
1.761815178497867862e+01
1.611711125494698393e+01
3.518023875609390227e+00
-1.834897768994486000e+01
-3.070460488746649474e+01
-2.938297127664672104e+01
-2.934478663444983226e+01
-3.268184195289544647e+01
-3.633442909610059246e+01
-3.471065631256846729e+01
-3.431047945290796974e+01
-3.517884382741230098e+01
-3.205816434651391944e+01
-2.386919277080941626e+01
-3.748570472261234077e+00
-8.134260588221533084e+00
6.859167276736978458e+00
1.159894241676821025e+01
1.506272216418788545e+01
1.763855208850962342e+01
1.181784996987781078e+01
-3.634949247954073925e+00
-9.223796959271622242e+00
-4.320312760977600419e+00
-1.121565165776159034e+01
-1.298715249100712477e+01
-2.000866629651049067e+01
-1.855391724152875454e+01
1.080771435539033476e+01
-6.671703684704188397e+00
-2.628988054491361748e+00
-8.566233417396050598e+00
-4.392675758175181855e+00
-2.252140775336659928e+01
2.040719218804293789e+01
2.391530135041528382e+01
1.122594182782616201e+01
8.937732323283727354e+00
1.143674584123046678e+01
1.681926788806758211e+01
2.898882749291469096e+01
2.482109015332486379e+01
2.501626675886688389e+01
1.996514253546262552e+01
4.761190586437561656e+00
8.740969200803914152e-01
-5.099627172541261189e+00
-8.697209273067116442e+00
-2.018347548039199069e+01
-1.583763910142154430e+01
-1.806134304067668239e+01
-2.189817308032320753e+01
-2.995451199699624567e+01
1.486685735454193669e+01
7.272448545343570991e+00
-2.807920957084397262e+00
-4.915635082994997518e+00
-2.031014761341980446e+01
-1.829933857058526669e+01
-3.638674715162515838e+01
-4.447725120314802183e+01
-3.230761345997951395e+01
1.003362224569096384e+01
-1.785226712681907557e+01
3.693335714685416349e+01
3.405319233515522370e+01
2.504200037054454242e+01
2.014928747856891889e+01
7.956584357903380145e+00
-5.138898704019994490e+00
-1.906007638368689072e+01
-1.921218921156973991e+01
-1.267265617962711666e+01
-1.449762170212818724e+01
-1.380012730869108140e+01
1.042890840535092956e+01
1.940458110621626631e+01
2.233183186717638335e+01
2.562026555751535994e+01
2.789390315656205033e+01
3.023463699517640180e+01
3.031061853969703179e+01
3.366973934450036410e+01
3.607836989198380451e+01
1.727722724616702976e+01
1.506324520381459742e+01
2.477490378431484075e+01
2.506221714702170544e+01
2.437873717549337726e+01
1.920606443529176133e+01
1.276444268683588668e+01
1.307201144628660749e+01
7.208143884394235812e+00
1.016019774159248179e+01
1.600374777870159093e+01
3.852162593194692897e-01
2.640647299534863435e-01
-1.688168107411307162e+01
-2.957288600841240012e+01
-2.892941988798834174e+01
-2.812789015595815911e+01
-3.262174398359716321e+01
-3.566339190206711862e+01
-3.426093237751316423e+01
-3.508901098888125603e+01
-3.595077453522372224e+01
-3.315241465656018249e+01
-2.540349806745694039e+01
-6.251395014423746233e+00
-4.217628338626856710e+00
5.917915312157390417e+00
1.217287702267806004e+01
8.856471165622455288e+00
2.248302863386913941e+01
1.110805132971803566e+01
-9.633214995711139039e+00
-1.334007732386032430e+01
-1.032670645960440226e+01
-5.108984589447246982e+00
-3.295773378850785029e+00
-2.349616825840205436e+01
-1.822593699777804588e+01
-1.020379141034278270e+01
3.102838148268406648e+00
-9.629173132313463057e+00
-5.218882144957501801e+00
-2.961035213819445389e+01
-3.423071163935090055e+01
2.194920735059967498e+01
1.803089153572851089e+01
8.748381384208959943e+00
6.962518481805115123e+00
8.011384401597364757e+00
1.627546743908178684e+01
2.337395480714952001e+01
2.553667180368949019e+01
2.588202492248890607e+01
2.105513215974731622e+01
4.086129065913946867e+00
2.432343115017656654e+00
-4.136174541917029046e+00
-6.636073280331681978e+00
-1.908875345888766972e+01
-1.409178594818502539e+01
-1.545209601827866663e+01
-2.095578134521759850e+01
1.191218454731396115e+01
2.038919726530112797e+01
6.563777082543091446e+00
-1.796961405956603253e+00
-1.356541115805628861e+00
-1.486758366561018718e+01
-1.082784368209290449e+01
-3.555213817978004442e+01
-3.875989812474184504e+01
-2.847025762086564171e+01
-1.649389402905514501e+01
3.668529555029146394e+01
3.289056562771884273e+01
2.384954896690438986e+01
1.451578449282586014e+01
6.365098064473908579e+00
-7.105618245621921680e+00
-2.126625820398844269e+01
-2.064239361365715908e+01
-1.153854625792484612e+01
-2.046149735959584959e+01
-1.158828401952097842e+01
1.841715072314963564e+01
1.682544905658572887e+01
2.225822140790353743e+01
2.586845007001629426e+01
2.863993136749479618e+01
2.980379995812131355e+01
3.119564911106181881e+01
3.414034744123525655e+01
3.648236501053429492e+01
1.612729593707954123e+01
2.124595584551594740e+01
2.507597167000319871e+01
2.568562933656306768e+01
2.214348915299962428e+01
2.009157990567441487e+01
1.450969102511487563e+01
1.162489497018909823e+01
5.661867353627856758e+00
1.215627978973437529e+01
1.567651512442463080e+01
-3.111421382291516657e+00
-4.007674387731142929e+00
-2.577871518413229524e+01
-2.722085446707790268e+01
-2.546050600039239953e+01
-3.119716197297847771e+01
-3.299646373326197590e+01
-3.505071683929699589e+01
-3.287983928384498711e+01
-3.559702944303486305e+01
-3.582962037514806752e+01
-3.186639558889486423e+01
-2.304347830704971045e+01
-1.107711597374819235e+01
-1.930019625401986572e+00
4.225185151353391788e+00
1.408621545447216050e+01
1.542910804449706497e+01
1.482571867472757354e+01
1.642989432116702986e+01
-6.630314428143550209e+00
-1.382571830375809618e+01
5.179395404691140570e-01
-1.390340014980677985e+01
-2.264585476949183018e+01
-5.822395417211147617e+00
-1.966155246968464709e+01
1.268964286945666586e+01
-9.512560889349661042e-02
-7.888314097321692309e+00
-4.578835242132850425e+00
-3.054280484476653612e+01
-3.330521039607630485e+01
2.737192130539247970e+01
1.721906644217005322e+01
8.969665948980205528e+00
9.010802127166829933e+00
1.262115164612309215e+01
1.719613228881775768e+01
3.112515756431628944e+01
2.568840306619878433e+01
2.601922939510774313e+01
1.785599318035664851e+01
1.992833107904088852e+00
3.189770290504191586e+00
-3.673328863702212566e+00
-1.617480934064226616e+01
-1.617401066242902630e+01
-1.371809556805699870e+01
-1.635766040903828156e+01
-2.207366081955742843e+01
1.245610973197152838e+01
1.592368987621432375e+01
5.211058481698771061e+00
-2.731215356258678284e+00
-3.100721977104538229e+00
-1.725866976242413742e+01
-2.720992419199529522e+01
-3.610498962428351177e+01
-4.957501276527700185e+01
-1.498879011365132818e+01
-1.795594867700891939e+01
3.629234644804738963e+01
3.148164969601828034e+01
2.103005686208013714e+01
1.242342246262558447e+01
3.195093433881683431e+00
-1.319466806453911900e+01
-2.098235386776386946e+01
-1.763656962985778520e+01
-9.297465603234741138e+00
-1.665874250641598664e+01
-1.394881764591008277e+01
1.090269886241149067e+01
1.877358369341322941e+01
2.545529847355911812e+01
2.628240181317436708e+01
2.958291085801886666e+01
2.933894817339248462e+01
3.195824245792946527e+01
3.462348219499043012e+01
3.679697238933810155e+01
1.807232030002753831e+01
2.383069938005004929e+01
2.305886611455320434e+01
2.587591196627826662e+01
2.039009622453483672e+01
2.053822457241429689e+01
1.586645775420507576e+01
9.932825058929774187e+00
9.146566839961710826e+00
1.958843469653686498e+01
1.568427370854307235e+01
-2.296096731667016388e-01
-1.435987533423913476e+01
-2.605527630840976627e+01
-3.106843595084478693e+01
-2.825143278534502045e+01
-2.874849844094624629e+01
-3.270146377543721883e+01
-3.492985778791408080e+01
-3.342154976066244387e+01
-3.603949989476198112e+01
-3.607149722219959642e+01
-3.066667435962522958e+01
-2.005016531190844020e+01
-1.289971473385976886e+01
-2.774069428363842293e-01
8.826530700732352130e+00
1.961532841086486556e+01
9.934965394091543445e+00
1.303165209256431467e+01
1.123722485485253308e+01
-5.343118086397663724e+00
-1.285873023265595094e+01
2.667173148361954849e-01
-9.453254131379972947e+00
-2.005596443147106811e+01
-7.999611163269104708e+00
-2.106157737911759398e+01
1.028113968675635270e+01
-5.923700024432575262e+00
-1.973738603500043709e+00
-3.651259643831167079e+00
-3.387089482775121496e+01
-3.121594269688343815e+01
3.228207599589453025e+01
1.363748598451760863e+01
8.167026201429189669e+00
8.660648975827415441e+00
1.610318697206007243e+01
1.638503022569571499e+01
2.703703288461318976e+01
2.553065802960391650e+01
2.567390659830276434e+01
1.457527724385214185e+01
1.023681495270322817e+00
-2.188844376111116929e+00
-2.922770419968130362e+00
-1.899010935923511312e+01
-1.499614862132357018e+01
-1.406886240652228182e+01
-1.763231894895753271e+01
-2.450626872219877939e+01
1.410207023795003600e+01
1.435239437677371832e+01
2.176316103699429405e+00
-1.898930064210197166e+00
-6.480235393638433372e+00
-1.677060122526529540e+01
-2.627139007804881743e+01
-3.869911061355813331e+01
-4.873730583527776616e+01
-1.625032255132147663e+00
-1.994062299641317892e+01
3.572895764712906441e+01
2.975338955062544954e+01
1.839283770579597999e+01
1.085790456763363032e+01
3.617276952160917158e-01
-1.514269274879649529e+01
-1.702120518387956949e+01
-2.272065253718304589e+01
2.314507189332850157e+00
-1.313481133525638178e+01
-6.105044855730112019e+00
2.303744356898098289e+01
2.102623003903667254e+01
2.569992664782484937e+01
2.674449028836226461e+01
2.963360539414931338e+01
2.980620255593952450e+01
3.260574367788311179e+01
3.511096877365461211e+01
3.698096488346676125e+01
1.076625197085803265e+01
2.389521951716097448e+01
2.362503866954143561e+01
2.556016503163363041e+01
2.017593047604309575e+01
1.923490844162092728e+01
1.561546490066650605e+01
9.071257996247210187e+00
3.667966449718429889e+00
1.084300681772054098e+01
1.572287025659919735e+01
7.544762104813774961e+00
-2.106102853191970325e+01
-3.144663177597418624e+01
-3.062564003795894862e+01
-3.019948733083056069e+01
-2.995485496114579504e+01
-3.238318091800072551e+01
-3.468792146741348859e+01
-3.367303278767094810e+01
-3.598933415402083114e+01
-3.460048924058794739e+01
-2.923787137637713229e+01
-1.690436243251037496e+01
-5.208295344124231008e+00
2.786782810907864949e+00
1.001437805627977973e+01
1.832759828233701072e+01
1.211367509036707268e+01
9.869462625494618280e+00
1.923492579212093645e+01
-1.227248727943092277e+01
-1.119597717967405970e+01
3.359896715046238658e+00
-1.195140919141348057e+01
-1.723280536038283373e+01
-3.788303888078591530e+00
-2.582198999915413395e+01
8.896888502322337189e+00
-4.395555148549241231e+00
-1.002105804026242808e+01
-4.132098273564226432e+00
-3.579040050026389252e+01
-3.856750325369899812e+00
2.603578753759775921e+01
1.221926272495344179e+01
7.603120613697097241e+00
8.585532519514918803e+00
1.752481229677221108e+01
1.586763892968509637e+01
2.588527833230564568e+01
2.546629886293739631e+01
2.497558957090876675e+01
1.105581002955480763e+01
1.624922101315278700e-01
-4.245127019379519417e+00
-7.216728788078463630e-01
-1.688941599749382760e+01
-1.408292458278941339e+01
-1.452470355663284707e+01
-1.892713829872646869e+01
-2.654906252527500854e+01
1.526468303729468268e+01
1.333933350161131060e+01
2.203601742471204827e-01
-1.121402636082131421e+00
-9.681180388634114564e+00
-1.083652951433899325e+01
-2.749035052831445469e+01
-3.513608116285772098e+01
-4.668454578292158175e+01
5.330703119155288938e+00
-2.046053227415704967e+01
3.499304633650414331e+01
2.766758586688269617e+01
2.080372146242718046e+01
9.344464294480971489e+00
-4.282374854929167363e+00
-1.813908693777274905e+01
-1.949105503586132571e+01
-1.315408391025868973e+01
-9.528106273688379702e+00
-1.714318332327937000e+01
1.919219081786886383e+00
1.955297875368909644e+01
2.139753792520505016e+01
2.549769418619974104e+01
2.726655222305948456e+01
2.988139608707914618e+01
3.010791937387604023e+01
3.316550060662581245e+01
3.560562518822518996e+01
3.703035696188705117e+01
1.285473557492373331e+01
2.480101301917267520e+01
2.385135908872890198e+01
2.505680747910752260e+01
1.962208637694492452e+01
1.469633890652144359e+01
1.369603525750566320e+01
8.611391449982157553e+00
1.255639486218701784e+01
1.565884210471953963e+01
1.577545884866504267e+01
1.221373226456268313e+01
-2.079642663885679710e+01
-2.899348227550104440e+01
-3.341343575732889803e+01
-3.021364556672743618e+01
-3.422419765208572784e+01
-3.610007837210944359e+01
-3.351808349450821112e+01
-3.342562082064814888e+01
-3.547236779486981106e+01
-3.384421800413654324e+01
-2.744891251188784054e+01
-1.246229495954794331e+01
-4.967053123810734938e+00
4.978951785287637044e+00
1.199834996005210641e+01
1.306330094609194603e+01
9.958606659126481020e+00
1.115156116126390806e+01
1.461135419213952247e+01
-8.043641268182181392e+00
-1.206827257962857125e+01
2.812664161953525976e+00
-1.008018911052100819e+01
-1.637236347737439246e+01
-1.608837230080411373e+01
-4.277638211994552364e+01
-5.339622831557444549e+00
-3.619088498634424056e+00
-1.240671024888708018e+01
-3.534360321306562636e+00
-3.275870406908346411e+01
2.120938159668614276e+01
2.057730280630644515e+01
1.002481156137474727e+01
6.475451229095702921e+00
2.700892440813249085e+00
1.748078032303041240e+01
1.513388828474974446e+01
2.564355256943146699e+01
2.572996276553535111e+01
2.354493284225235072e+01
7.320469936130542088e+00
7.396222575583051295e-01
-4.393080739275808000e+00
1.183058740171264223e+00
-1.755047629068814885e+01
-1.433846676503981321e+01
-1.516349882621389078e+01
-2.030952110375254094e+01
-2.821150713599451976e+01
1.649645892866982066e+01
1.138898445491891565e+01
-5.904918038812979608e-01
-1.185355110893817177e+00
-5.902266119003323652e+00
-1.247604081549919108e+01
-3.157029337513625222e+01
-4.198409708036196974e+01
-3.626812310063209566e+01
9.310501838147587250e+00
-1.843337730887756365e+01
