# y [pc] 550myr: 
1.500000000000000000e+01
-6.337728340915745662e+00
-1.531322250780180916e+01
-1.627864841761159642e+00
-8.886688277600109487e+00
-1.306014281947572186e+01
-2.488257857951461105e+01
-5.512477942787785246e+00
-4.147904451405848292e+00
-7.683675037541108921e+00
-7.778921012903712295e+00
-1.172915595702772329e+01
1.060270942003108274e+01
2.639841986374987926e+01
3.172019362366794226e+01
3.117194527062948950e+01
3.143150335954644703e+01
2.849129409219676035e+01
2.388854374995068142e+01
1.578577712543698652e+01
5.315211089360596830e+00
4.385261783226365395e+00
6.945704135363257592e+00
7.620710801381741506e-01
-9.392582118513326250e+00
-9.866739719251027552e+00
-8.393605008462126094e+00
1.508968453847023161e+00
1.226703303218573682e+00
-1.056668192091770031e+01
-7.129390412414038813e+00
-2.515073264477247772e+00
-1.254152033063339466e+01
-1.281436374823545243e+01
-1.952429144504450775e+01
-2.278038351799610695e+01
-2.467695282137475843e+01
-2.264867681697425184e+01
-2.304326173070957040e+01
-1.818141862995888403e+01
-1.065734526229119794e+01
-1.862933409011393815e+00
8.279574320759664374e+00
1.757520552068903896e+01
2.363624728260833141e+00
6.939690351977072069e+00
1.536673307019624346e+01
1.833522064577993760e+01
1.522241020500138475e+01
1.999675900273222950e+01
1.197078705230238249e+01
1.123883746486110802e+01
1.187759910475094571e+01
-2.460607327245825537e+00
7.580592200580621665e+00
1.643258605449335974e+01
-1.144329433176221578e+01
1.290301352555486503e+00
6.815875709257078086e+00
8.896117159877560354e+00
1.153141588903685033e+01
1.034526728850232224e+01
4.152654087097580882e-01
2.121127791706018506e+00
1.058645341934833262e+01
2.674259536487328859e+01
2.162748934738603168e+01
3.978967744219440217e+00
-1.190170052290488911e+01
-1.884672629765496055e+01
-2.561247583732537692e+01
-1.786703673535084747e+01
-1.661106800290588836e+01
-2.144646531822870372e+01
-3.143263831372269834e+01
-3.153523672821265933e+01
-3.028806269028530807e+01
-2.697687614991930616e+01
-1.449393725785194675e+01
-1.371349594518551740e+01
-8.277510171526918370e+00
-3.513334116008751007e+00
3.762172682707885518e-01
-3.834977727067670372e+01
-3.515583301481635203e+01
-1.587283056369515499e+01
-1.642688689773373056e+01
-1.812597672254863213e+01
-1.501080996362905573e+01
-1.860194357071964433e+01
-1.097479036750904591e+01
-8.184711736674843863e+00
-1.296227346147331438e+01
-1.473405835588225088e+01
-7.625660265188185072e+00
-1.556279849608004362e+01
-2.826567026876115829e+00
-9.414659057242566575e+00
-1.737872085359532548e+01
-2.619294406376760875e+01
-1.033729691680496465e+01
-4.099828042522678240e-02
-1.219765433317751047e+01
-1.148003741113035936e+01
5.223060315220109384e-01
1.585397726787694417e+01
2.800692022336704312e+01
3.129818123200712066e+01
3.084099675655433259e+01
3.111427437554752373e+01
2.793974024683890534e+01
2.229324944237760420e+01
1.402477702194742548e+01
2.530962538270202344e+00
4.456479256309970438e+00
5.307024730451805894e+00
-3.688234394651367376e-01
-9.940414507451579951e+00
-7.549526310177492761e+00
-7.714494271052142693e+00
-1.346354838630652306e+00
5.706283658835926698e-01
1.352554423549919349e+01
-5.595695149983687111e-01
-2.947443436439702413e+00
-1.705147162448674791e+01
-1.661387646019026221e+01
-1.784775390319172672e+01
-2.211167283824312690e+01
-2.474303685663635477e+01
-2.264431152762636401e+01
-2.270936103624032043e+01
-1.671287824950325174e+01
-9.145998922462299063e+00
6.079163105655401855e-01
9.229578791797488080e+00
1.574941943008942680e+01
1.176667469106600361e+00
7.251727871763785416e+00
8.683882781597441536e+00
2.212129021064971468e+01
-2.003295090410779800e+00
2.471383692081144900e+01
-6.307666133868636393e+00
1.041913934972878764e+01
7.962360515089079271e+00
-3.355451360373677971e+00
4.547457882532948581e+00
6.675694599568636534e+00
-1.784659586969916845e+01
1.509918177231665837e+01
7.426367887280876268e+00
1.129324806319948848e+01
1.292632256215058462e+01
1.084745213573081557e+01
1.221447307178691322e+00
3.685721785347756629e+00
1.428775903319463936e+01
2.354663609110707512e+01
1.721212487934066360e+01
-1.333448765135302749e-01
-1.359451866039567669e+01
-2.071889478820446584e+01
-2.304427704759456574e+01
-1.405341678915420545e+01
-1.727611854538738712e+01
-2.434136559370686115e+01
-3.191163037787718437e+01
-2.860639816952549452e+01
-3.316715350614366997e+01
-2.439559251879247626e+01
-1.091087842445201339e+01
-1.178634240124088883e+01
-7.703673260512870158e+00
-2.713991610043500646e+00
5.653758161678325012e-01
-2.346952486852667974e+01
-3.184944285345599013e+01
-1.932203583090783638e+01
-1.632204390009954764e+01
-2.138620462538996847e+01
-1.489195489546375839e+01
-1.620816598519605023e+01
-9.227560336273256780e+00
-8.622274716642035486e+00
-1.770670339278781569e+01
-1.346560914462725833e+01
-1.056807362772234171e+01
-1.405474844170161042e+01
-2.399413835581221122e+00
-9.701689810640131029e+00
-1.461118875367915315e+01
3.231314122388996957e+00
2.706448888706972866e+00
-1.548686777724115338e+00
-4.320035704270633659e+00
-1.387755252481275570e-01
7.655027125904664054e+00
1.842280943338003141e+01
2.986080500545995164e+01
2.994658922577023219e+01
3.269064128630957100e+01
3.043801981128341794e+01
2.713939351126394328e+01
2.289864457362387284e+01
1.221267747607946852e+01
5.963877005587551183e-01
3.530456912681518400e+00
3.653722279418166075e+00
-2.080722540939786480e+00
-1.237385096598311840e+01
-5.590081122724005702e+00
-2.105922706499370634e+00
-3.537372260040934968e+00
-3.352225138499350887e+00
-9.131791021908735928e+00
-6.125496909418817637e+00
-3.568094379604377142e+00
-1.410113824663822868e+01
-1.503402359207770367e+01
-1.837391838857498172e+01
-2.211927119854255963e+01
-2.456638567537969564e+01
-2.340423866465948777e+01
-2.134285104090240281e+01
-1.511615232362339611e+01
-7.326813920780743672e+00
2.938357723266647348e+00
1.197114782222609719e+01
1.164066553126323278e+01
3.458741823878323185e+00
8.766348488474632106e+00
1.664396910753088576e+01
3.303239033891833287e+01
2.795682100917172175e+00
1.992618783322174991e+01
5.289363096658762586e+00
4.506359518457125013e+00
6.076801960727514995e+00
-6.094041293036005058e+00
4.833837543091758171e+00
4.406766144343642111e+00
-2.722853755608108273e+01
1.748069691489395394e+00
5.294930559486497934e+00
1.157678064550384001e+01
1.229450921418843912e+01
1.276947556625839297e+01
4.490779643629307927e-01
5.194172670321801633e+00
1.842331098594058858e+01
2.644188032539180711e+01
6.916590102711321464e+00
-7.813073090056670722e+00
-1.757481247645790390e+01
-2.224446034517751514e+01
-2.092409082782963381e+01
-1.444189058713301144e+01
-1.923628390346373251e+01
-2.584241685253879695e+01
-3.360162714809774087e+01
-2.570206160531948925e+01
-3.504809251155955252e+01
-2.160350133741405187e+01
-1.698657871836201849e+01
-1.110947749079324609e+01
-6.093669342937742428e+00
-2.543837008069098626e+00
1.925155228809007635e-01
-4.227842417287435950e+01
-2.889197750068282033e+01
-2.091132632681357961e+01
-1.989146123023795454e+01
-2.094181023114355256e+01
-1.530838835634365402e+01
-1.573378629642705917e+01
-8.987430906927029284e+00
-8.270213009233208012e+00
-2.129818751336616600e+01
-1.230221678771139615e+01
-1.258020194618136145e+01
-1.026611059217003330e+01
-5.976991990560385659e+00
-1.455039258474911712e+01
-2.025867659507633434e+01
-2.407548976991585121e+01
1.252010201625741814e+01
-7.035450472233258701e+00
-1.632934831586521440e+01
-7.559844492585743758e+00
1.472887726601784797e-01
2.096334352692889169e+01
3.105121964405484647e+01
3.067838510971493804e+01
3.278711697174738049e+01
2.938289401160814052e+01
2.697038725456167541e+01
1.949805996607342351e+01
9.785254542966484337e+00
-2.112086633299850913e+00
4.340912275433923995e+00
4.592001418790882639e+00
-5.543142537586120078e+00
-1.197355029061464826e+01
-5.053415988026873862e+00
5.167649980978354929e-01
3.132923689786745181e-01
2.540705466394536316e+00
1.049858653584330836e+00
2.275449837826436283e+00
-2.955322203037590079e+00
-9.894063488774360593e+00
-1.728643902854771852e+01
-2.144696804048173533e+01
-2.108824139667084197e+01
-2.380835252957869841e+01
-2.333513202340241222e+01
-2.080264842292421079e+01
-1.368980926144166332e+01
-5.148945598327717477e+00
4.664686814544078075e+00
1.434458958339776302e+01
4.388035244129500967e+00
2.853739502679634388e+00
1.309175942869627285e+01
2.656191419995074909e+01
4.374672729518842118e+00
8.266760527612225573e+00
1.484061634902311511e+01
9.262487014856056078e+00
-9.265979320757628201e+00
-2.783301165992665638e+00
7.304847938136692420e+00
-1.153466782372242072e+01
-6.908861188796553421e+00
-1.160147049757479065e+00
4.361086619208633941e+00
5.095834310593438055e+00
1.259705542411334456e+01
1.104155775654513327e+01
1.234854113123895836e+01
1.906359268072495894e+00
4.969298681942231788e+00
1.088597736948530681e+01
2.560066706943668891e+01
1.758119483683780970e+01
-3.369805160067544048e+00
-2.112687790226337370e+01
-2.421661100013081480e+01
-1.826660985165506901e+01
-5.780864365139069427e+00
-2.070821114333395130e+01
-2.662848338172111085e+01
-3.352274481186874056e+01
-2.755216308175821283e+01
-3.313228990055281997e+01
-2.053443161855005172e+01
-1.677075536108189269e+01
-9.885565556685218525e+00
-2.372596425999490943e+00
-1.657242811543683025e+00
7.778567960684267257e-01
-4.071117791471479563e+01
-1.965734076366933891e+01
-2.145038270349725451e+01
-1.826400844073074126e+01
-1.963191744674221084e+01
-1.569016513632080922e+01
-1.296370024193224957e+01
-9.222599359550279985e+00
-1.137343128078511789e+01
-2.565330542275481207e+01
-1.430140292451214279e+01
-1.404424743750420745e+01
-1.108939824714171962e+01
-6.182962146272934945e+00
-1.359833265005012670e+01
-2.493046905064560548e+01
-1.861184503730535411e+01
-1.622858552255053866e+01
-6.489677447819735434e+00
-5.349721699407997688e-01
-1.458116901374526186e+01
4.222967770712068081e+00
1.995324487196808505e+01
3.137586613621738962e+01
3.069658863183654418e+01
3.215304009344930591e+01
2.892520360340907359e+01
2.562164721002914192e+01
1.770600007328331316e+01
7.208329712295359570e+00
-3.954230138596329880e+00
8.379222365892069035e+00
3.557719883681795370e+00
-7.229876606426309138e+00
-1.044798495023788298e+01
-6.167850086384053299e+00
1.037319661332439358e+00
4.085127798251414255e+00
-1.047215624364221398e+01
-1.287437997479594110e+01
9.270056962003413448e-01
-2.431997729301651923e+00
-1.341421633455874840e+01
-1.823402579923375555e+01
-2.318425723564545038e+01
-2.298301531701612177e+01
-2.285165409107505852e+01
-1.988213337543538728e+01
-1.937607167057719693e+01
-1.233984163731899564e+01
-3.269983158959961944e+00
6.347636164674343995e+00
1.706146640848081120e+01
1.251975336077137069e+00
4.385028553440278642e+00
1.235345907785056419e+01
2.116553306661494460e+01
3.502402933777627680e+01
8.238762696835230770e+00
2.082513928517723301e+01
1.024266464415692646e+01
-5.542459230601234133e+00
-3.020028230135325398e+00
7.888484804321497457e+00
8.329988598873711680e+00
-3.954493685889497900e+00
4.672775797478711191e+00
3.551743017402675395e+00
7.171503689299399298e+00
8.024993027048674676e+00
1.006562843699106580e+01
1.366304015450090148e+01
1.356124912642535207e+00
9.969948739440779306e+00
1.778663804471471721e+01
2.018674179424311532e+01
1.027682801295162740e+01
-6.910802683672284452e+00
-1.701053218573316173e+01
-2.314280992172471585e+01
-1.670598939330067623e+01
-1.381441969519822344e+01
-2.173870186956818529e+01
-2.925841800851027941e+01
-3.151566969890029313e+01
-2.778399092089929567e+01
-3.266154775645519237e+01
-1.775436277704650223e+01
-1.437084384136145765e+01
-9.982054321621932402e+00
-3.974536413937114432e+00
-3.950482932633051641e-02
3.179158426702048956e+00
-4.459063390689681938e+01
-1.133458212337458626e+01
-1.845507844011776655e+01
-1.725648586164000875e+01
-1.942066475546536708e+01
-1.475216366871689466e+01
-1.283565711688252975e+01
-5.932469669661791123e+00
-9.424865677252107332e+00
-3.208448415646284957e+01
-1.734604061354573901e+01
-2.492014306211678409e+00
-1.506964086900489086e+01
1.020573445554966652e+00
-8.856279763321593279e+00
-1.816893064257112300e+01
-2.535303002761077451e+01
-2.776720938289097873e+01
8.238006975576183777e+00
-6.792240689312124324e+00
-1.555750086361075901e+01
-1.586127521878045776e+01
4.234841591311489850e+00
2.271863544627196774e+01
3.272640904077536561e+01
3.249621197470373346e+01
3.438837552374713624e+01
3.144926364318194700e+01
2.784803445295541735e+01
2.052867222488097454e+01
9.991644735334851646e+00
1.494581176038971115e+00
5.824259497492478843e+00
6.540784920660767554e+00
-6.233518263756479882e+00
-9.613600022728133965e+00
-1.132200067671112187e+01
-1.471353325020917868e+00
-4.174715211632858747e+00
4.492840270353042342e-01
-2.098965236199865081e-01
-3.041337091164618922e+00
3.066978163087746179e+00
-1.558644271664744707e+01
-1.976115381157730511e+01
-2.431973018846220924e+01
-2.391700323969759268e+01
-2.618713598765283734e+01
-2.454992222064925755e+01
-2.148439123243285209e+01
-1.475948089864095181e+01
-4.746032417138953186e+00
5.176095585338659433e+00
1.472387405286323769e+01
1.264482724760156440e+00
5.326397891202005574e+00
1.376414334837832598e+01
2.761736998124733944e+01
1.493366021176392522e+01
7.105873005851869983e+00
1.760946462368869092e+01
1.041863016560984789e+01
1.067464273367067840e+01
-2.278683442495577083e+00
7.128557031371788533e+00
-5.339967524642712959e+00
-9.431716415126977893e+00
-4.039700185352096184e+01
9.125808500619859487e+00
8.032046809333275306e+00
1.345446001431018779e+01
9.174818508663875605e+00
2.288154475024225309e+00
1.373105745361631103e+00
6.738757870999345201e+00
1.466578340998923480e+01
2.270515815920678904e+01
1.436990257892261802e+01
-7.523169371953848383e+00
-1.888078474400419537e+01
-2.448915994019496978e+01
-1.658690468284024533e+01
-1.785795540483853827e+01
-2.045892469941188452e+01
-2.869719373638107029e+01
-3.235845653915342268e+01
-3.178074569268023453e+01
-3.082125879738419272e+01
-1.888321454298083424e+01
-1.401286889952362102e+01
-9.011392972689225900e+00
-4.515636389291615593e+00
-1.273424696116107757e+00
-3.210816170586549845e+01
-3.883194142650685166e+01
-2.454405539493982502e+01
-2.010395495781782671e+01
-1.952722117293231108e+01
-1.945183935988156776e+01
-1.455682510007958363e+01
-1.451494450997699559e+01
-1.260349765106405151e+01
-7.649934750640982273e+00
-9.001897322135206991e+00
-4.414271148920957621e+00
-1.569896149939768826e+01
-2.168428464699051261e+00
-9.321650935261017068e+00
-1.611861610238586806e+01
-2.498905101339837032e+01
-1.798593436861799688e+01
-2.078031121541616599e+01
-5.745915545831589810e+00
-5.469688020276328722e+00
-1.885572573999397861e+01
1.462890870130917165e+01
2.499933422243903891e+01
3.308510040242908445e+01
3.197162313211379825e+01
3.310492823135597718e+01
3.081427272022852648e+01
2.644361863468675011e+01
1.865212921838438476e+01
7.145269033078198717e+00
3.307332127103787212e+00
3.036652802470758417e+01
2.384097277125284631e+00
-8.437768220578554690e+00
-1.005450118787039138e+01
-9.547035982594691106e+00
1.900245765685069310e+00
3.472880435664473353e+00
-1.145508569238635133e+01
1.447489544803825523e-01
-2.438807762261204104e+00
2.802349415599486804e+00
-1.421619792065498444e+01
-2.086347155808014620e+01
-2.475400397648076378e+01
-2.579399358580197088e+01
-2.433224340075728875e+01
-2.370342995681022558e+01
-2.023756115888068763e+01
-1.316027960401560115e+01
-3.074840684062297491e+00
6.613507626578750020e+00
1.248678032283555162e+01
4.888809514923401878e+00
7.301991513086990793e+00
1.339930626856831530e+01
1.826507557415212091e+01
-1.845700871727046000e+00
4.728838858258286315e+00
2.198721354645980597e+01
2.858471121739968979e+00
1.201562624826265768e+01
-1.930741701909681973e+00
5.777980768435702963e+00
1.053791834919809567e+01
-1.327732330741666367e+01
2.909543432620188241e+01
2.472035160917085417e+00
8.352977231506988787e+00
7.401839315034826505e+00
1.156602457973720988e+01
1.480233388686909679e+00
3.251938749126952022e+00
1.095449953218452066e+01
1.974645501974523398e+01
1.515478432147676813e+01
4.301215189470611655e+00
-1.024667182727048242e+01
-1.816721880099670372e+01
-1.901208655473565656e+01
-1.423129440124673195e+01
-1.876521745488477322e+01
-2.107934224537352819e+01
-3.141988628182078358e+01
-3.391962497897546314e+01
-3.268997883986749997e+01
-2.632160748722933619e+01
-1.711343506254555180e+01
-1.290990264942605847e+01
-7.756783173881280469e+00
-3.035373732364548882e+00
6.785173223981578738e-01
-3.831224842396417074e+01
-3.897789702806395695e+01
-2.155559384172950033e+01
-1.924380585559469381e+01
-2.036839107674087401e+01
-1.645635096804677033e+01
-1.299444167435929920e+01
-1.274883029322165306e+01
-5.139828597746768146e+00
-6.396417020803855102e+00
-1.850471148726349568e+01
-7.128057527771996860e+00
-1.349830166687172728e+01
-4.274332988364408337e+00
-1.059131529596644228e+01
-1.672433202899944504e+01
-2.003718176507491933e+01
-5.427769273062950539e+00
-3.031288603066261800e+00
-5.377616597587604907e+00
-8.499488078102455546e+00
-1.120038557423892023e+01
1.404305044787951040e+01
2.802422454701041588e+01
3.314903049004336566e+01
3.375254330299421923e+01
3.301566316434034576e+01
3.045746588835873325e+01
2.485272085387549978e+01
1.649825215232977271e+01
5.064750286172512439e+00
2.643966740978591634e+00
3.020176391949774608e+00
1.019401324099779016e-01
-9.157886780677952032e+00
-1.127817558288110078e+01
-7.508174666950503173e+00
1.864454247112014684e+00
-1.681293475778898205e+00
-1.084061164212986128e+01
-1.173677769612046795e+01
-1.702391362223747207e+00
5.980542944153889096e+00
-1.498125187580200546e+01
-2.340999571593502182e+01
-2.679913046359431661e+01
-2.489449950571233217e+01
-2.528175618384057799e+01
-2.446901580468035320e+01
-1.916454692747810995e+01
-1.124752408696117101e+01
-1.586872993859304248e+00
9.748082291834109014e+00
9.861880508193646477e+00
6.047458222366365099e+00
8.993099513601864103e+00
1.688352662473261034e+01
1.641350193538557889e+01
8.687307099006039479e+00
2.285072710246563688e+01
1.132377054923159143e+01
1.288847960449889207e+01
9.463173694688713056e+00
-2.898282652094640532e+00
3.409953785525883685e+00
7.430724624324263949e+00
-1.781733320935763842e+01
4.705296912229552930e+00
2.840595418270568828e+00
1.167600698739339826e+01
9.085469343579909207e+00
1.511500832927353244e+01
4.455857475660752187e-01
2.107806204813883699e+00
1.122727426098568948e+01
2.635158427961380312e+01
1.676140415116905658e+01
-7.228637857200886918e-01
-1.310675156861628032e+01
-1.976642710866804009e+01
-1.998494150370880007e+01
-1.844909796180410666e+01
-1.736297381377135451e+01
-2.215682578279327686e+01
-3.234015133139492804e+01
-3.306467820151681991e+01
-3.295814178728532085e+01
-2.372650247728596895e+01
-1.918139531782149021e+01
-1.227201595729975381e+01
-7.116128225625217851e+00
-2.878446990845412667e+00
-6.881449021314982595e+00
-4.450353810305180957e+01
-3.076012560788054273e+01
-1.852612136455103098e+01
-1.692607419001669555e+01
-1.916320150441321957e+01
-1.493520366568140822e+01
-1.821018701389938599e+01
-7.942548351992931188e+00
-9.497131329120083620e+00
-1.579149679657444239e+01
-1.521503451005961338e+01
-1.113416038720276724e+01
-7.739407079572774073e+00
-7.369552465641610262e+00
-1.247298258014622263e+01
-2.269225136099457885e+01
-2.485017406364648451e+01
-1.001167180655856725e+01
6.922211524783237202e-01
-1.298542143425367357e+01
-7.959789159675267456e+00
-5.440559269682511134e-01
1.812536771285720860e+01
2.975080030524997099e+01
3.243641317820517145e+01
3.483289461646386798e+01
3.155658258870829158e+01
2.952793978552687193e+01
2.345124541508945981e+01
1.453236859106488943e+01
2.527648393213060007e+00
-1.005415965533164702e+00
3.582913702608087725e+00
-1.256702701364691421e+00
-1.301018768190150787e+01
-1.283092558477397738e+01
-3.701938347732208978e+00
-5.042534290719042911e-01
6.378736716461460565e-01
-1.085984475327139975e+01
-4.179378890000990387e-01
-1.911398854583136631e+00
-1.296080548095760143e+01
-1.701913212097614192e+01
-2.028483556625782214e+01
-2.412851977387353841e+01
-2.546514963471948789e+01
-2.513403614752607140e+01
-2.337030697773770527e+01
-1.782325699101470207e+01
-9.768873077810880545e+00
8.340685168869965693e-01
1.032697007742137352e+01
8.147432687562377041e+00
5.912580857637526499e+00
8.104690542033905487e+00
9.811768795570841917e+00
1.905210841350427131e+01
-6.673066876882243648e+00
2.835041961213312689e+01
2.515818899705274739e-02
8.644531414602090180e+00
8.171920897243097670e+00
-3.377967500142518009e+00
-1.030186362528780208e-01
2.365328449281671297e+01
-1.654920935291090345e+01
-1.276709929153989398e+00
4.842142151703423103e+00
1.116078725877852484e+01
1.371682159238500276e+01
1.562129782471141581e+01
1.327099599224699444e+00
4.800189342514491031e+00
1.596558857020006883e+01
2.730772834769239310e+01
1.153914790000599666e+01
-4.541477819041906727e+00
-1.551720675791426807e+01
-2.124494776412783636e+01
-1.827075942446635537e+01
-1.066697380146795737e+01
-1.707763045075906305e+01
-2.488006123602359310e+01
-3.442465405036789861e+01
-2.710868733293978394e+01
-3.653578805435956411e+01
-2.093428705479879781e+01
-1.415597224182383052e+01
-1.094933135222827225e+01
-5.886920681267367783e+00
-2.388010242595363763e+00
-3.987763517571090155e-01
-3.005186725231558498e+01
-2.784361396875033989e+01
-2.064247135280836076e+01
-1.822834872266166428e+01
-2.316861896741466964e+01
-1.413154950280649835e+01
-1.660408020631552617e+01
-7.614807506832776518e+00
-6.376985071712732989e+00
-2.107828092660319186e+01
-1.349963721768336278e+01
-1.338729502821946049e+01
-6.000751845220875930e-02
-6.663877286472208894e+00
-1.356691915502558210e+01
-2.011085483490623815e+01
1.599951744610365323e-01
3.724420656869747437e-01
-2.657357201294598958e+00
-9.038028656437935737e+00
-5.396421753167239821e+00
-9.245598509391986242e-02
2.110945039112205635e+01
3.152839800947227999e+01
3.255587885723942776e+01
3.483083850076457821e+01
3.150301291062909570e+01
2.857709105303547403e+01
2.159443405366026880e+01
1.256011565185023571e+01
3.057613153415137952e-01
4.669609351207454573e+00
4.335375159776209131e+00
-2.568553935739319005e+00
-9.851243441350245433e+00
-1.514637466399640431e+01
3.373732273943887833e-02
3.117853500556784230e+00
-6.396765166792991231e+00
-8.612112071766926391e+00
5.107181809506819548e+00
-3.665254288216643896e+00
-1.445864083126575750e+01
-1.806311312433733463e+01
-2.130857069126651737e+01
-2.420583512522709668e+01
-2.605338902259079958e+01
-2.509848534808395115e+01
-2.247452435181513408e+01
-1.636213228072278625e+01
-7.550631178769070750e+00
3.075491207297759377e+00
1.422053468789839314e+01
6.381639021006580315e+00
5.976477710512913433e+00
1.076083146398867818e+01
1.086759103385076841e+01
3.894381501855274763e+01
3.037456542189901576e+00
2.074832308338850240e+01
7.367749334277999829e-01
-1.423402624387926640e-01
6.612318799472459041e+00
-2.446555216067088701e+00
5.616344945244117426e+00
2.183402104454908343e+00
-2.744698270170948007e+01
1.219235195582612619e+01
6.989721945789805879e+00
1.304250436969246074e+01
9.792397142567594415e+00
1.385103089987652680e+01
8.157911955414460792e-01
6.806141459151775486e+00
2.300423278753202183e+01
2.121365461526516327e+01
1.822925275174266835e+00
-9.361379629614837938e+00
-1.662509193752213577e+01
-2.400245500213373617e+01
-2.039510633892927416e+01
-1.561576158520994895e+01
-1.874106605889222976e+01
-2.503885930057936804e+01
-3.366521333996797694e+01
-2.925895431840760352e+01
-3.336157979580996624e+01
-2.112373962866944765e+01
-1.528201445953838267e+01
-9.830772500009548054e+00
-5.150728044837680208e+00
-2.057924785029049186e+00
4.433327379792432188e-01
-4.270322716718975897e+01
-2.979419215334902660e+01
-2.033741799076173251e+01
-1.708273225095635439e+01
-2.063004578970877745e+01
-1.641643533176779712e+01
-1.319231210429345147e+01
-8.801091049277838252e+00
-8.820349651778006006e+00
-2.397247949944519618e+01
-1.185878230186451532e+01
2.084563642329229971e+00
-1.287481788367509239e+01
5.408836012414904859e-01
-8.551117516351629533e+00
-1.556774180473332869e+01
-2.368946682675685267e+01
-2.431673111660731834e+01
-9.882320039644547194e+00
-6.622721576686073419e+00
-1.051403927528381743e+01
1.923791598617696552e+00
-4.040631282067836949e+00
2.075131368900357742e+01
3.171215233510263687e+01
3.418475756279912048e+01
3.607690562273159429e+01
3.355014528952663255e+01
3.071203612830514018e+01
2.434099897327071460e+01
1.452179948052163638e+01
-2.932829729192842461e+00
-2.360907144232025967e+00
3.536205019340247002e+00
-2.437449878321004793e+00
-8.113705408931854990e+00
-1.727799332506005570e+01
-5.526321048480835607e-01
-8.750047896721272478e-01
-4.005497635523629363e+00
-1.095278126660394769e+01
-1.786986984204985696e+00
5.765291967192755607e+00
-1.119920050995803074e+01
-1.957671310732411385e+01
-2.175815584484675824e+01
-2.664023959129421826e+01
-2.699242598069414356e+01
-2.536947115425107668e+01
-2.423047523455128527e+01
-1.864940067856426964e+01
-9.695923594510691856e+00
1.270707751161218590e+00
1.228254931867753896e+01
9.416134969474358130e+00
7.239242230808500267e+00
1.051755849580651336e+01
1.184688783026578207e+01
1.824466784434266131e+01
-1.568057618156029243e+01
2.940299362181251297e+01
-1.256110520804430530e+00
1.050687830324527283e+01
8.095183137475320478e+00
-2.661828014906197470e+00
5.313491573444712124e+00
7.178617703558846763e+00
-1.925260334077851354e+01
1.483908077270105252e+01
8.663630668785648581e+00
1.197332319713749627e+01
1.075613280853864850e+01
1.378826500946188416e+00
-1.431394988041487515e-01
6.098185157940176460e+00
1.814930033898190942e+01
2.358145645140996294e+01
5.987569127869670105e+00
-6.293944705345867696e+00
-1.579606545264811679e+01
-2.279558702690986749e+01
-1.457200625076722744e+01
-1.213358777512885034e+01
-1.890672960271299274e+01
-1.981792920790120505e+01
-3.413142428057826550e+01
-2.720456240031844786e+01
-3.311265843077339355e+01
-2.398354173954031765e+01
-1.499795890192792491e+01
-8.677355726765362931e+00
-4.940783777614824679e+00
-2.398909025207808465e+00
-2.834451046847279798e+01
-3.735914856503590187e+01
-2.675160089095359339e+01
-2.112119628015554440e+01
-1.716042858253842596e+01
-2.115211130593369049e+01
-1.587172812304839198e+01
-1.235570938751820869e+01
-8.956426498803216063e+00
-4.889845611292194860e+00
-1.341018709885026539e+01
-4.815770633897548114e-01
-1.195633273689378839e+01
-2.027974179619107531e+00
-1.008219043044712926e+01
-1.657539838152965572e+01
-2.188907080987168996e+01
2.059783037129636796e+01
1.693823761291418650e+00
-1.189194566044072809e+00
-8.018181371895307663e+00
-5.751634560935221963e+00
-1.169338281737449803e+00
2.333116978558508237e+01
3.358128203943520163e+01
3.447049021700189542e+01
3.586017376910054821e+01
3.350882624722673597e+01
2.976034695027442112e+01
2.247885322685554854e+01
1.215245807711820980e+01
2.876250809089265781e-01
3.859602868498693162e+00
2.100245038428149691e+00
-5.251372231299820115e+00
-9.655202832050271411e+00
-1.129597062046712530e+01
-4.001671476434197849e+00
-4.065531809097301164e+00
-1.077536426179648954e+00
-7.888720373252862572e+00
-2.549442425055749251e+00
-1.793356091463405910e+00
-1.499612133305575412e+01
-2.008856312572923741e+01
-2.316989511431327031e+01
-2.661547273055571239e+01
-2.771602207272400875e+01
-2.608567899805935042e+01
-2.346775063626951052e+01
-1.711844517988916436e+01
-7.207046222862606655e+00
3.574441445421260077e+00
1.164618287171817457e+01
8.583168619428221291e+00
8.499355023843996548e+00
1.255439368417392565e+01
1.603575644385989563e+01
3.663839754969500717e+01
-5.692373238599176766e+00
1.095985552359882931e+01
2.605717056323860970e+00
9.782392054236609624e+00
8.281531640338993583e+00
-4.979865019522758951e-01
5.419230000457218033e+00
1.942604290690506330e+00
-2.664956833876143705e+01
1.359614930884447404e+01
7.409048606783632529e+00
1.343352924168283025e+01
1.030083536162288205e+01
7.291414594871668819e-03
9.679292555039796520e-02
6.994690786908066116e+00
2.309649227241594716e+01
1.379715933246696125e+01
-4.744441463638493062e+00
-1.239226418466757629e+01
-1.735138545357547457e+01
-2.600689975300914014e+01
-1.304700721825633991e+01
-1.811290270547487680e+01
-1.833729202323006646e+01
-2.739104736360012282e+01
-3.118220410770248208e+01
-2.897152695056528415e+01
-3.071493218161557692e+01
-1.905745185107005923e+01
-1.363695102608428300e+01
-8.584993114690023575e+00
-4.615716649236055069e+00
-2.322568835878985549e+00
-3.615469674057172966e+01
-4.229279476014205841e+01
-2.377727562678119355e+01
-2.095440290453912624e+01
-1.929172618176943388e+01
-1.841888423252447993e+01
-1.368356713970825922e+01
-9.859099485292613707e+00
-1.437655468035999995e+01
-1.403500146356701173e+01
-1.168998625841993366e+01
-3.063857082624753758e+00
-9.797494050237352425e+00
-3.207642777260903522e+00
-1.152439008867468750e+01
-2.038226552947683956e+01
-3.768426786647390969e+01
-4.351372696052902711e+01
-1.279461784712981220e+00
-4.568709683772024022e+00
-1.509145458854037969e+01
-2.389064895617226369e+01
1.253270189859193984e+01
2.418575769340350945e+01
3.402994636788191229e+01
3.424155663313619158e+01
3.475289500103645679e+01
3.305135063352366842e+01
2.874005971233457402e+01
2.104471980618861693e+01
9.717697228604187387e+00
2.316986972546701828e+00
2.605107476701396418e+00
2.764037120317402341e+00
-5.607230967920596498e+00
-1.509291419164858716e+01
-1.001030129578420080e+01
2.346987101598286163e+00
-9.052532098788573789e-01
1.601470963616343335e+00
-1.714346034415493270e+00
-2.907336258736997969e+00
-6.244544469171719570e+00
-1.823995832391061356e+01
-2.231280767053322478e+01
-2.682944347456254519e+01
-2.658633557784393986e+01
-2.792109585494095825e+01
-2.623011946876694012e+01
-2.259868778435852121e+01
-1.540279912418139396e+01
-4.443819714695441903e+00
6.278234374924673844e+00
9.175777225664516479e+00
3.832254255484136785e+00
6.719095285896520053e+00
1.407529343167905544e+01
2.699112521165878675e+01
3.051739113389384883e+01
3.509279677297644895e+00
2.569528365830670324e+01
9.530655088624412130e+00
9.381616699823354111e+00
-2.911744966732076279e+00
7.652279540014039760e+00
-7.785396877353067069e+00
7.918612720429729634e+00
-5.390945782327801084e+01
9.905903872047835179e+00
1.510276517599803192e+01
1.229591482682115888e+01
8.705205340383185941e+00
2.257849758844880483e+00
1.739742360933731469e+00
1.807745085004341234e+01
1.606230624904407378e+01
1.925601354595651316e+01
7.175739644639723913e+00
-1.006834864689147579e+01
-1.447730838209641213e+01
-1.430077797764760739e+01
-1.357750629780468898e+01
-1.397576850025565598e+01
-1.938089458829119138e+01
-3.062401877751424450e+01
-3.340026969344573615e+01
-3.245561331514558390e+01
-2.624916220035142800e+01
-1.734398024990440135e+01
-1.108815141952239536e+01
-7.193345852356501702e+00
-3.372403159212832513e+00
-1.307641248883293139e+00
-3.845199576955042886e+01
-3.666157002926504305e+01
-2.548510838200513717e+01
-2.048589020856759291e+01
-2.020811033298517856e+01
-1.636240433757953738e+01
-9.635560053147296244e+00
3.268447123909474339e+00
-4.770981022453191223e+00
-3.475327950646565078e+00
-5.871450534854246506e+00
-6.520799834653244531e+00
-7.323110693242573355e+00
-9.708968847975548044e+00
-1.207485844678547515e+01
-1.700037284842055740e+01
-2.570160954106283668e+01
-1.347763880538861692e+01
-1.666286375605340808e+01
-7.325310720533411590e+00
-9.224852045616048102e+00
-1.403140205406338481e+01
1.494470206478467489e+01
2.675767546275563902e+01
3.447647450363139399e+01
3.554788923469308060e+01
3.400270337440609580e+01
3.248816942947706110e+01
2.738757593890593256e+01
1.895193956636706645e+01
7.016592271301373529e+00
-1.868200853151628760e+00
3.323762183720146091e+00
1.361872247691606308e+00
-6.972517838110492860e+00
-1.603140794888383525e+01
-8.517778257634608607e+00
1.862413166332895331e+00
3.354165541375509374e+00
-6.141601031627154761e+00
-1.378336093080574365e+01
-2.110622941848400380e+00
-6.846392078323267683e+00
-1.769439344927873137e+01
-2.342716803285149041e+01
-2.770165193670300852e+01
-2.654351929085289541e+01
-2.697766624418389370e+01
-2.586342335802942216e+01
-2.122545507810161425e+01
-1.343457931733994570e+01
-2.924383660475846192e+00
7.568203180293780363e+00
9.749770604411866159e+00
7.940323941044882261e+00
9.607914698184663038e+00
1.480564047176736864e+01
1.728336723151276644e+01
2.397742625134360850e+01
7.754591970495865461e+00
2.300612630711626139e+01
1.312583156112561511e+01
7.634965464317727601e+00
-7.690990084713937858e-01
4.681017402986182852e+00
5.576651547173726797e+00
-6.529708764659560849e+00
3.571699387926812364e+01
6.274645351826206863e+00
1.390936667859446274e+01
1.515058126561586249e+01
9.245884978249440778e+00
1.070349721656636222e+00
3.708754920196565052e+00
1.234714815325595083e+01
1.936087580757731530e+01
1.260043568435974670e+01
-1.397451318935607922e+00
-1.248472622215464867e+01
-1.910026343410007854e+01
-1.392290726453438943e+01
-1.496138555233131306e+01
-1.888319725697312634e+01
-2.118099774765639509e+01
-3.134159806072860022e+01
-3.701524277405573571e+01
-3.740848088851684139e+01
-2.342943538003244086e+01
-1.478114032492787366e+01
-1.200808432484520516e+01
-6.776350262418436188e+00
-2.163437425326687702e+00
-1.427030746054644306e+00
-4.439791886368271179e+01
-2.732448363686690129e+01
-2.418438263529706589e+01
-1.920206123224947348e+01
-2.217865284135510251e+01
-1.707892509080987864e+01
-1.886052844795241512e+01
-1.147341710057827768e+01
-3.504122367044811615e+00
-1.975068993276052609e+01
-1.822150119641531774e+01
-9.675173982863487510e+00
-7.189861288341672818e+00
-7.361744567760275082e+00
-1.254946611802232681e+01
-2.030143011332939196e+01
-2.392524907867160167e+01
-4.467712991642081910e+00
-2.663426499275145520e-01
-2.904195033337447551e+00
-9.638840962094400666e+00
-1.015106719584922246e+01
1.756695946200102298e+01
2.991341984823551314e+01
3.441276093588385265e+01
3.630109759797884550e+01
3.386249747893904782e+01
3.149374615311538506e+01
2.553083995370660730e+01
1.687457216778497582e+01
4.596675545732796131e+00
-6.104983536397743826e+00
2.934535632875662436e+00
-1.639047875700429813e-01
-8.323489671099615350e+00
-1.499542716131334075e+01
-6.532256153800206633e+00
2.269271465205328631e-01
-1.536279324207548092e+00
-9.196654970628021175e+00
-9.371190679262905832e+00
-1.517893668090537052e+00
-4.707056974440414265e+00
-1.835091773632734302e+01
-2.433201835907764021e+01
-2.584138599641451961e+01
-2.626762732210984552e+01
-2.608561604862290650e+01
-2.515011116341226582e+01
-2.008813761465880532e+01
-1.162932175538482582e+01
-1.306422418224861826e+00
1.080519796976255797e+01
9.038675168385884362e+00
7.691230799002737761e+00
1.108024598254372428e+01
1.595224219391594289e+01
1.545300137054256595e+01
-4.058362599960942951e+00
2.917005504696304641e+01
1.282881599422008279e+01
1.276677536391729895e+01
8.053185403243023899e+00
-1.920482006548086984e+00
-3.469336487149282444e+00
5.175746208202728127e+00
-1.683218666008778897e+01
7.249869078154547175e+00
7.323553188351477061e+00
1.044497550922062956e+01
1.151281509313835194e+01
1.046861924716844960e+01
1.090902008598348294e+00
3.541038666790621736e+00
1.338842404190854651e+01
2.421986027504471295e+01
1.247057122946786656e+01
-4.329477596155634878e+00
-1.451493122619212173e+01
-2.090711820514016850e+01
-1.767029126506230341e+01
-1.573157205014157434e+01
-2.192176685612776410e+01
-2.353111246992940409e+01
-3.433172253564821830e+01
-3.862693123874060319e+01
-2.767087883666224712e+01
-2.001469795200308255e+01
-1.581096887212075863e+01
-1.101763451413873440e+01
-5.626616033209944412e+00
-1.085984872747094210e+00
-3.649204668669471907e+00
-4.731863535364353623e+01
-2.633360636463073945e+01
-2.058997035437525369e+01
-1.756943375643421490e+01
-2.074705067187702312e+01
-1.398530290494270645e+01
-1.800476633609583033e+01
-5.078278686682826226e+00
-6.766467561004229303e+00
-1.153061120574029097e+01
-1.551266745188427620e+01
