# z [pc] 200myr: 
-4.71e+00
9.45e-01
6.26e+00
1.11e+01
1.56e+01
1.90e+01
2.12e+01
2.12e+01
1.90e+01
1.44e+01
8.11e+00
1.19e+00
-5.39e+00
-1.10e+01
-1.54e+01
-1.82e+01
-1.93e+01
-1.82e+01
-1.52e+01
-1.04e+01
2.91e+00
-2.89e+00
-8.11e+00
-8.33e+00
-5.74e+00
-1.85e+00
3.10e+00
7.71e+00
9.04e+00
6.85e+00
-1.29e+00
2.06e+00
7.22e-01
-6.78e-01
-1.81e+00
-2.68e+00
-3.25e+00
-2.84e+00
6.02e+00
6.88e+00
2.43e+00
-1.36e+00
-1.06e+00
3.47e-01
1.54e+00
2.54e+00
3.29e+00
3.75e+00
3.88e+00
3.69e+00
3.08e+00
-5.57e-01
2.69e-01
1.09e+00
1.36e+00
7.04e-01
-1.41e-01
-8.03e-01
-1.48e+00
-1.79e+00
-1.27e+00
-2.63e-01
-3.56e+00
2.044547367828305706e+00
7.264957078796681067e+00
1.210034968073794737e+01
1.634689679782113103e+01
1.961491175187234504e+01
2.136165544744554268e+01
2.100371926216982033e+01
1.825106295149731395e+01
1.323397084584130212e+01
6.740920477325362370e+00
-1.827945748395556347e-01
-6.594941388761104584e+00
-1.203127180506833405e+01
-1.610171822773270023e+01
-1.858336280608088131e+01
-1.921783567571921125e+01
-1.780316196186986133e+01
-1.437457972414378915e+01
-9.302038155708345357e+00
1.903594462620830541e+00
-4.170451575795586230e+00
-8.569445497268961986e+00
-7.946076542148794886e+00
-5.045180880660567801e+00
-9.455295065525719522e-01
4.141844235100962557e+00
8.332700120222067852e+00
8.746325565656208667e+00
6.213331657631923299e+00
-1.311434622050095644e+00
1.813587751083940880e+00
4.353294352857104421e-01
-9.311195448159133026e-01
-2.007152315353368355e+00
-2.827053433575211994e+00
-3.301094298891277479e+00
-2.138982609570863502e+00
9.845308293171459724e+00
4.643780302886213462e+00
1.163105723102439759e+00
-1.620359966028830145e+00
-8.022910329285501962e-01
5.746708102796378448e-01
1.757492643381582953e+00
2.717368461111012046e+00
3.412285415498348407e+00
3.799710856026511152e+00
3.880904980283267136e+00
3.608552250721319243e+00
2.914011022513566918e+00
-4.043766136783331078e-01
4.939549822904563681e-01
1.197955405366738058e+00
1.313490676771349897e+00
5.116031882199406633e-01
-2.771903234474527578e-01
-9.340816892873128330e-01
-1.609133014904601700e+00
-1.735763287194157067e+00
-1.133643370423638164e+00
-2.629379756187890660e-01
-2.418965035300537636e+00
3.131979398946793669e+00
8.245172740582242810e+00
1.303407050342883977e+01
1.706571726785175969e+01
2.013071893649369315e+01
2.145314717401745952e+01
2.066219672600615453e+01
1.740597580719620296e+01
1.202445806509603798e+01
5.356963063461717134e+00
-1.533790497758487748e+00
-7.761624145943152975e+00
-1.298043243777502198e+01
-1.671173484588130620e+01
-1.888716071457218248e+01
-1.908351455840568534e+01
-1.728614652028119281e+01
-1.346189753880452322e+01
-8.174857863103484945e+00
7.982691795862250084e-01
-5.392568721596847858e+00
-8.763322343772685485e+00
-7.490535733244846561e+00
-4.323358476175859444e+00
1.147293288830847358e-02
5.160332546642882434e+00
8.781104760622330474e+00
8.413834595191829635e+00
5.502615965068486936e+00
-1.312694902796648577e+00
1.554007100992052637e+00
1.481585406457001652e-01
-1.169743131868278274e+00
-2.194057363439370967e+00
-2.953988979928425351e+00
-3.319965924187817663e+00
-8.348940456803857213e-01
9.241190815364873856e+00
5.112510309088662552e+00
3.587708467190270367e-01
-1.600136234343514152e+00
-5.173843840285853313e-01
7.987836204846973098e-01
1.969188066024814221e+00
2.877053775412433456e+00
3.518294451832653547e+00
3.837180591327864043e+00
3.859961610406209331e+00
3.503208870453633050e+00
2.724294465360117989e+00
-2.477613447117213985e-01
7.023662640899742682e-01
1.280048292596356996e+00
1.213475816797793261e+00
3.281745913092184996e-01
-4.099642783073712549e-01
-1.067157820479212482e+00
-1.714962126931378616e+00
-1.641726371504635962e+00
-9.953742571673743766e-01
-2.628941637653930408e-01
-1.286982053058578712e+00
4.201417110571573410e+00
9.215812188704175512e+00
1.393283013537740622e+01
1.775309386872027062e+01
2.056970287110683060e+01
2.146518975638520033e+01
2.021652258318742668e+01
1.647621859348361895e+01
1.076068742378235221e+01
3.964811177172380852e+00
-2.856005734354523096e+00
-8.889245124851113289e+00
-1.386595957434812476e+01
-1.726394915214225989e+01
-1.910655630459714516e+01
-1.887430968359483785e+01
-1.668288222766475570e+01
-1.249064956345946165e+01
-7.028962618294479547e+00
-3.855686170625315934e-01
-6.490228238132117689e+00
-8.765575896883655460e+00
-6.980920646237503746e+00
-3.495808573035002809e+00
1.011668774818444083e+00
6.120244749036509724e+00
9.021241317136352578e+00
8.009191286745693361e+00
4.715800996261260813e+00
-1.295828936857604807e+00
1.284400938849201257e+00
-1.354264797218414917e-01
-1.394348998468715406e+00
-2.370475495618342254e+00
-3.068002348850395133e+00
-3.337551919484059049e+00
1.114495414224553560e+00
9.272933622779975238e+00
3.889128066475715073e+00
-6.373192944793150128e-01
-1.480232401096097661e+00
-2.223301312111010397e-01
1.058714994562730993e+00
2.171695792907595735e+00
3.026076340088160954e+00
3.610443236929114619e+00
3.864218964074149998e+00
3.822858093132185164e+00
3.381245219023553794e+00
2.518309559165151423e+00
-8.592086856802635952e-02
8.487816287627688583e-01
1.340402689370858491e+00
1.070126325167586545e+00
1.585553900713045916e-01
-5.417626773320638467e-01
-1.203859078043182818e+00
-1.786807650161830407e+00
-1.526713237963131409e+00
-8.531782442294267854e-01
-2.628139389821597671e-01
-1.653298601165356374e-01
5.248066242833290040e+00
1.018244548207738198e+01
1.478544798482990075e+01
1.841124406288168203e+01
2.092262518531412141e+01
2.139833994267470629e+01
1.966447628716537821e+01
1.546681134659550061e+01
9.451214452606677696e+00
2.572241411717773651e+00
-4.142416491867828121e+00
-9.978173757006384648e+00
-1.468176942730421430e+01
-1.776225220928843029e+01
-1.923498942566434877e+01
-1.859298897176445919e+01
-1.599336726371527817e+01
-1.146821692788900826e+01
-5.872377974922019739e+00
-1.626693896449235899e+00
-7.406136887727202911e+00
-8.597631823881906499e+00
-6.396596646659928886e+00
-2.698919876377901872e+00
2.049480110345401673e+00
6.996265992812166878e+00
9.082211115015608627e+00
7.483510227911760460e+00
3.850242871047695470e+00
-1.279309226934844057e+00
1.006478991464429429e+00
-4.119219153002012246e-01
-1.607310677333388726e+00
-2.535093605602009248e+00
-3.167259867844150811e+00
-3.178603323389564306e+00
3.676300878547097195e+00
8.249675104795421987e+00
2.968672686492693114e+00
-1.567182534398228855e+00
-1.295861844134988505e+00
7.112871675043092035e-02
1.304338078913450216e+00
2.364442927130605110e+00
3.165058506424515805e+00
3.687792920225860360e+00
3.881208318212052255e+00
3.768655972550649658e+00
3.242523444598680360e+00
2.297026638979737356e+00
8.405781233822225140e-02
9.806793478650643880e-01
1.371969378174221710e+00
8.950992091821754482e-01
3.034929435889989046e-03
-6.729427893710157038e-01
-1.343424928026145437e+00
-1.815219104348716916e+00
-1.400419271152570477e+00
-7.068127404508431910e-01
-2.627858575979970523e-01
-6.891289054824368598e+00
-1.258703654984748344e+00
4.181388149943155774e+00
9.366933809620865858e+00
1.427218702431841102e+01
1.833886275908378849e+01
2.120429358660872410e+01
2.205124090422787475e+01
2.058698760303173714e+01
1.661930629918521163e+01
1.073614170524695588e+01
3.827563272291368612e+00
-3.093889158377064685e+00
-9.304984221987449899e+00
-1.437536735331974214e+01
-1.785319159469711536e+01
-1.960182759769077165e+01
-1.921875022540029221e+01
-1.677068187647212838e+01
-1.237587879609415076e+01
5.446185263766995632e+00
-3.054027156311470703e-01
-6.779405318933740432e+00
-8.877396579288761913e+00
-7.289893760514808640e+00
-3.743861033986060516e+00
9.267252676147225143e-01
6.242265330411756352e+00
9.140512493357062951e+00
8.579909288963872172e+00
-1.384712119309796430e+00
2.478116086350224290e+00
1.193079615082385692e+00
-2.280464513111938318e-01
-1.477230857497966454e+00
-2.483267642929908092e+00
-3.196669464013909501e+00
-3.410595014858403662e+00
2.531853902439008763e+00
1.005132108865968910e+01
3.888858880825772690e+00
-1.173134512366152071e+00
-1.378615395625675255e+00
-4.259290580628608686e-02
1.237043836015958576e+00
2.309420660792593338e+00
3.151786036524019785e+00
3.722690340070259118e+00
3.978158723950016906e+00
3.905539538877052408e+00
3.407681087038986423e+00
-9.899365186568381825e-01
-1.808044999190132618e-01
7.415686738179637638e-01
1.269222976199181341e+00
1.005701132695308919e+00
2.986870024156759174e-01
-3.577104425443384250e-01
-1.134588288191479943e+00
-1.760502994997002579e+00
-1.567489851107610743e+00
-2.676053659388222261e-01
-5.753292534181136730e+00
-1.499547386437291852e-01
5.228781059913289120e+00
1.039688102519797575e+01
1.514581241237033460e+01
1.904954531661874384e+01
2.153500905152873202e+01
2.196749699438062109e+01
1.997710584241267284e+01
1.557363643468642422e+01
9.400569123350587475e+00
2.413433138414675216e+00
-4.401939214390816701e+00
-1.043449280651260480e+01
-1.519120903004250600e+01
-1.836733218597643358e+01
-1.968539915656647921e+01
-1.890611409150645983e+01
-1.602310783557079787e+01
-1.133512779821403882e+01
4.495066797623015198e+00
-1.685783307565219102e+00
-7.659938601503319511e+00
-8.715662516243250835e+00
-6.743264498514010441e+00
-2.922981204938979172e+00
2.025927639481905462e+00
7.121778466103182659e+00
9.251506191294147641e+00
8.132099978554483855e+00
-1.379152753300219469e+00
2.244770285591012104e+00
9.093829295881751262e-01
-4.983432717128628009e-01
-1.698794920546160769e+00
-2.649943480503406334e+00
-3.294912044959744435e+00
-3.125406814944100553e+00
5.394261966860136148e+00
8.731119060733279369e+00
3.129588052986899793e+00
-2.018420445374816019e+00
-1.161905318741231818e+00
2.177309094806333389e-01
1.469438856738354504e+00
2.496816727902642086e+00
3.291424530396095616e+00
3.796170884380702049e+00
3.995107432819971383e+00
3.840054396165485162e+00
3.256139922082836868e+00
-8.470867625202423978e-01
3.392016580992856384e-02
8.789407981850019258e-01
1.298412101728848800e+00
8.631313256785635435e-01
1.709792220919150174e-01
-5.023536407071710341e-01
-1.298048370834651521e+00
-1.784671158356293974e+00
-1.471367450064425597e+00
-2.676867747519815488e-01
-4.619197009872334725e+00
9.507799570457245997e-01
6.265194321049678550e+00
1.141266321696703656e+01
1.598644870982558963e+01
1.970449450137666147e+01
2.178483367803440629e+01
2.178336946677140773e+01
1.926795782374581734e+01
1.445422305246676231e+01
8.034924987919756845e+00
1.008110687536056371e+00
-5.677442033741274763e+00
-1.151480577424321083e+01
-1.594461413858709697e+01
-1.880790781991695937e+01
-1.968483854104015052e+01
-1.850647701135932621e+01
-1.520164760512663094e+01
-1.025685371357388931e+01
3.453429955312027122e+00
-3.071575806105003803e+00
-8.332511695986685396e+00
-8.486874532042245178e+00
-6.112760914012491220e+00
-2.053760483172382578e+00
3.133005835109962778e+00
7.818948829163461234e+00
9.295560690530384917e+00
7.536860695769758145e+00
-1.404658398516038353e+00
1.998150467706352407e+00
6.223033360155866278e-01
-7.585856358716958070e-01
-1.911407961515336984e+00
-2.805068362667585635e+00
-3.367117219244075699e+00
-2.558741746821803886e+00
8.386821374732756240e+00
7.034334501436361187e+00
1.972161535379072683e+00
-1.467663192236429159e+00
-9.054161976525790800e-01
4.636033828843283966e-01
1.692289404578360301e+00
2.674587487455412749e+00
3.419585226850026860e+00
3.857650072423254084e+00
3.997695127661025083e+00
3.757497169009310856e+00
3.086870662346787419e+00
-6.960965258686316881e-01
2.536552871587519631e-01
1.002969900516929025e+00
1.285208040796752327e+00
7.152435113104362863e-01
4.439856982440432143e-02
-6.527595485564179345e-01
-1.452890016849949895e+00
-1.769488437602618536e+00
-1.365560989492122124e+00
-2.678005532709514802e-01
-3.492779845207992562e+00
2.041443869084452967e+00
7.298153137044105065e+00
1.240343110771984492e+01
1.679942774087355417e+01
2.028794399247215807e+01
2.195456609841408024e+01
2.149203213413088420e+01
1.846841388182762600e+01
1.327110728652244376e+01
6.646823112068605433e+00
-3.832507134314931396e-01
-6.921500466578371480e+00
-1.253632426282431922e+01
-1.663842924296108450e+01
-1.916391536694890618e+01
-1.960532785680657142e+01
-1.801659178614991319e+01
-1.431531594798820528e+01
-9.151010117803410893e+00
2.297954416516857279e+00
-4.428318304307758524e+00
-8.721839118132796997e+00
-8.153201513607687190e+00
-5.428504231563795024e+00
-1.120765014938940096e+00
4.224815301105424581e+00
8.427044557909901812e+00
9.051355148394165440e+00
6.976104552627067079e+00
-1.420989782298122117e+00
1.739591345036900938e+00
3.349868065822790286e-01
-1.008005136140662783e+00
-2.113701221514726836e+00
-2.948542536536456371e+00
-3.398360049085466184e+00
-1.516392570589294220e+00
9.380962074164562736e+00
7.146612383719396000e+00
8.920455990919434752e-01
-1.603773597929847750e+00
-6.240089399026446104e-01
7.332627917759122482e-01
1.906646617428046975e+00
2.842907515503174221e+00
3.534736246554941008e+00
3.908355981613216290e+00
3.984235771702091977e+00
3.658037923553158599e+00
2.900243916437353242e+00
-5.364492371022456796e-01
4.301473265927053813e-01
1.112728616133778603e+00
1.228048857260724436e+00
5.699466002067428150e-01
-8.462475620953284483e-02
-8.088994112520694335e-01
-1.588563337900161132e+00
-1.722473956684817287e+00
-1.250058395666311828e+00
-2.677830768473847822e-01
-2.372961705072456517e+00
3.118863385952145073e+00
8.331787152525642171e+00
1.335827647006996521e+01
1.758537357231221776e+01
2.078929455908789237e+01
2.204444525916240494e+01
2.109278528205059899e+01
1.758508377726830219e+01
1.202971377762949778e+01
5.241960704119156489e+00
-1.752833976262203608e+00
-8.132115897310304931e+00
-1.349108250673572051e+01
-1.727490231952991095e+01
-1.942901896634943881e+01
-1.945037404294691541e+01
-1.743703380063993080e+01
-1.337131364145922241e+01
-8.026162726956494353e+00
1.037037892949348228e+00
-5.690332516305109500e+00
-8.883065837540003784e+00
-7.748315849899323204e+00
-4.655607559568590403e+00
-1.282406362715459436e-01
5.263262068670181648e+00
8.908214933591031226e+00
8.868395723801587138e+00
6.277722412986121547e+00
-1.412977053513974512e+00
1.470608142870361235e+00
5.056201464707785892e-02
-1.247179356754644974e+00
-2.304575997156784961e+00
-3.079944587091341113e+00
-3.401486469886121800e+00
1.790089338188126378e-01
1.063429967430193024e+01
5.036035575115827001e+00
4.476151439353127925e-02
-1.536433892195867790e+00
-3.310554214404207718e-01
9.926134328608127166e-01
2.112529881277704469e+00
3.002018427286200719e+00
3.635819174835061229e+00
3.948735803859821036e+00
3.953646399786725496e+00
3.541547224610047895e+00
2.696993882974683121e+00
-3.663588207025027521e-01
5.915689540446551486e-01
1.204231866183309352e+00
1.131537508138300563e+00
4.309902815683318567e-01
-2.184746364829456555e-01
-9.701309600372315378e-01
-1.694062484214291509e+00
-1.652708682474525403e+00
-1.124575281890086931e+00
-2.676688495407206214e-01
-8.923825227293145090e+00
-3.365524770821195055e+00
2.117761668552709864e+00
7.529800416601732493e+00
1.282339224080221740e+01
1.744760695695476116e+01
2.098054128366840487e+01
2.257988814050586157e+01
2.187736786979288084e+01
1.858825093182793964e+01
1.317076838259318983e+01
6.391509830030407180e+00
-7.534425212238861080e-01
-7.450652596729299582e+00
-1.314719902542018204e+01
-1.730504144288361701e+01
-1.971763941066392789e+01
-1.997235234137405158e+01
-1.809166350230342957e+01
-1.415165685258134509e+01
7.581955344089134741e+00
2.310352978999800744e+00
-4.857404768099044645e+00
-8.957492077241839823e+00
-8.392753865509609668e+00
-5.637570201573674389e+00
-1.084870038854103713e+00
4.475478911550257344e+00
8.646552842312841491e+00
9.566693498621914316e+00
-1.511926941850060713e+00
2.855570862248577146e+00
1.635811097337541486e+00
2.169462677270464213e-01
-1.118957401906210070e+00
-2.243188026539106428e+00
-3.091017773492294118e+00
-3.436893083878804322e+00
-4.581682842608038042e-01
1.134281017270233960e+01
6.381134561553600371e+00
4.954921343186151628e-01
-1.565110039083128068e+00
-4.191609470849487207e-01
9.309769448837691419e-01
2.055672831452307392e+00
2.979317487240427553e+00
3.655653755443389663e+00
4.026294774163345025e+00
4.069886801714017288e+00
3.685377349847533512e+00
-1.355841844388917083e+00
-6.143468411791039863e-01
3.422975734923753843e-01
1.061989144626113823e+00
1.180383534312355209e+00
6.723206749326270382e-01
7.369302388160399453e-02
-7.439750329112269078e-01
-1.592187283433284195e+00
-1.759042270569612931e+00
-2.728254854013293929e-01
-7.811653646040698007e+00
-2.262150141467590192e+00
3.198446313911141203e+00
8.622176792979761473e+00
1.380161208811381890e+01
1.828186431258245648e+01
2.145783548165517374e+01
2.264805373735001837e+01
2.141456836919586948e+01
1.766105975508630976e+01
1.189200543395444143e+01
4.959488441129794367e+00
-2.145483379539389279e+00
-8.696565856380987114e+00
-1.410072399812703914e+01
-1.795095797500811940e+01
-1.993283761165671208e+01
-1.977878479509270448e+01
-1.744690891287597267e+01
-1.318223516680666130e+01
6.807640160191454015e+00
9.053249492955579569e-01
-6.108187672508420540e+00
-9.105803904078777933e+00
-8.005567446237215279e+00
-4.788097869013106411e+00
-5.206134133755280224e-02
5.511463283322937556e+00
9.174039596387826734e+00
9.430642433981025974e+00
-1.489575356257529348e+00
2.638615701756422904e+00
1.359057413815193627e+00
-6.414744870161336043e-02
-1.363004449480686775e+00
-2.435108166743734870e+00
-3.222909353501440144e+00
-3.406379603917581100e+00
1.711722851917037991e+00
1.149879688094073060e+01
4.705565057059867939e+00
-6.191428509880841924e-01
-1.437037146729897907e+00
-1.394319429938091215e-01
1.173411172318607143e+00
2.256779867058973821e+00
3.138229905442055934e+00
3.752299626781803177e+00
4.066211861559570373e+00
4.027585712902656212e+00
3.555535313734393466e+00
-1.232119450245143133e+00
-4.160887900727398558e-01
5.057522675521053390e-01
1.158393223695892704e+00
1.100790405667482430e+00
5.615727510558196078e-01
-7.152422761575452648e-02
-9.277462822289755939e-01
-1.696173101778748249e+00
-1.709421555885903610e+00
-2.727008795890442094e-01
-6.695685992171008571e+00
-1.159900452720696196e+00
4.276644878351681278e+00
9.707021222053670684e+00
1.475006321552239719e+01
1.906281095424095184e+01
2.185575643532816059e+01
2.261858141309882342e+01
2.085036873046967187e+01
1.664849154655965080e+01
1.056424240770656731e+01
3.520405870414113458e+00
-3.512479470324010311e+00
-9.895482802888858842e+00
-1.498962369850370280e+01
-1.852295461514173525e+01
-2.006279050250010343e+01
-1.949643683514991466e+01
-1.672363277667805548e+01
-1.216616542607048856e+01
5.864970980355665553e+00
-5.554155138228337174e-01
-7.153523991691397299e+00
-9.085904515775851564e+00
-7.555393007325312382e+00
-3.852510170961983338e+00
1.069877548112735610e+00
6.494849158618775320e+00
9.386787739930603891e+00
9.186532049496303642e+00
-1.460922317270064497e+00
2.406879690718910059e+00
1.076086743861047301e+00
-3.391678101121278766e-01
-1.598463144960466709e+00
-2.615686486600852678e+00
-3.335963260506951578e+00
-3.296569799013657764e+00
4.700848261123333316e+00
1.036457403759183649e+01
3.473404627394689914e+00
-1.883230662831632429e+00
-1.234891377134741175e+00
1.256927855062506538e-01
1.405777740080791371e+00
2.449718807830467249e+00
3.286552360519647831e+00
3.836977125649051690e+00
4.091949166768406698e+00
3.967963990172556077e+00
3.407320778380306336e+00
-1.096672415469629680e+00
-2.011790136919827665e-01
6.599394971906302754e-01
1.221815729656712701e+00
1.002598906788187527e+00
4.494982061657788464e-01
-2.269592348560454109e-01
-1.112286887486103826e+00
-1.762173527101265291e+00
-1.643430587755639882e+00
-2.727586369453235404e-01
-5.580688847998704460e+00
-6.100879381726247164e-02
5.355720587295021318e+00
1.077344852269947673e+01
1.567349264733460323e+01
1.977893772683511742e+01
2.217749667198249952e+01
2.248298635524648148e+01
2.018760018081153262e+01
1.555541995088544027e+01
9.198698489415159329e+00
2.084695695837334828e+00
-4.852894312849404201e+00
-1.104071886398324054e+01
-1.581934726164899097e+01
-1.901223457631564884e+01
-2.011214478179763887e+01
-1.912135156615769915e+01
-1.592868527238278276e+01
-1.111092773243878895e+01
4.790087680107524726e+00
-2.022120084317339472e+00
-7.998318010657387234e+00
-8.929659283537739967e+00
-7.000910575112182954e+00
-2.952687000776193393e+00
2.217493689583377670e+00
7.369765745427940828e+00
9.596313526891531609e+00
8.712869196680133044e+00
-1.464444682205986226e+00
2.161544782638715301e+00
7.895671820155429899e-01
-6.069209198382918835e-01
-1.824331749142486636e+00
-2.785398118723798611e+00
-3.423791482913238760e+00
-2.851302447064831380e+00
7.419119306105632639e+00
8.656160982040331575e+00
2.934862362326748464e+00
-2.296205396606652460e+00
-9.854457340180609037e-01
4.037514127700378430e-01
1.629975663485871085e+00
2.634503890831985107e+00
3.422846796095669664e+00
3.910737782220295777e+00
4.101815773479589033e+00
3.891178417810425394e+00
3.240850093730915926e+00
-9.494179258683018707e-01
-8.991896418538005559e-03
8.053731039429767868e-01
1.246680664877330091e+00
8.947265936490700344e-01
3.328992963137853422e-01
-3.918100041991225413e-01
-1.290879077136567465e+00
-1.791185518782380193e+00
-1.562366884964804026e+00
-2.728845395255454220e-01
-4.471118725861888521e+00
1.030746423840023240e+00
6.438849753623735239e+00
1.181377022275066047e+01
1.657515640064643492e+01
2.042143835647346606e+01
2.242114731131779237e+01
2.223420694675724718e+01
1.942860092915575621e+01
1.439266203865970262e+01
7.807655397555665289e+00
6.592468131773785434e-01
-6.167057384593081615e+00
-1.212717341730272835e+01
-1.659301377716311521e+01
-1.941175835856266829e+01
-2.008212199850564517e+01
-1.865136625133875370e+01
-1.506826404827211086e+01
-1.002596965644423399e+01
3.620566260615337928e+00
-3.471992216549183219e+00
-8.632026514161678321e+00
-8.716455636660784378e+00
-6.351631252293668872e+00
-2.026108534755386881e+00
3.349182381275686460e+00
8.045648140367138268e+00
9.717225174474739546e+00
8.171959279500253359e+00
-1.509990198086409885e+00
1.903958394018200995e+00
5.022671993198967177e-01
-8.669383597944775310e-01
-2.039654200402639894e+00
-2.944621397117027861e+00
-3.473445646215497895e+00
-1.945977564215240374e+00
1.203782389265120933e+01
5.703569953691260075e+00
1.477829200098911722e+00
-1.561691354216582006e+00
-7.079509209963025240e-01
6.751752423238218670e-01
1.846616341822640228e+00
2.811125174579062413e+00
3.545991597756846581e+00
3.974005365319575489e+00
4.094626087139165982e+00
3.797100663849183544e+00
3.056642176999210037e+00
-7.896496081789247112e-01
1.703102010368293118e-01
9.412175309333373763e-01
1.231617348996786321e+00
7.834936052743570745e-01
2.083028882574838869e-01
-5.647529782881328675e-01
-1.454384404793166885e+00
-1.788274689617098678e+00
-1.466506581303548051e+00
-2.730041091373657247e-01
